DAT
407 1478 0
5.0000000000000000e+00 5.0000000000000000e+00 9.0000000000000000e+00 
5.0000000000000000e+00 4.3054072999999997e+00 8.9392309999999995e+00 
5.0000000000000000e+00 3.6319194000000001e+00 8.7587705000000007e+00 
5.0000000000000000e+00 3.0000000000000000e+00 8.4641015999999993e+00 
5.0000000000000000e+00 1.5358984000000000e+00 7.0000000000000000e+00 
5.0000000000000000e+00 1.0607690000000001e+00 5.6945927000000003e+00 
5.6945927000000003e+00 1.0607690000000001e+00 5.0000000000000000e+00 
6.3680805999999999e+00 1.2412295000000000e+00 5.0000000000000000e+00 
7.0000000000000000e+00 1.5358984000000000e+00 5.0000000000000000e+00 
7.5711503999999996e+00 1.9358222000000000e+00 5.0000000000000000e+00 
8.0641777999999995e+00 2.4288495999999999e+00 5.0000000000000000e+00 
8.4641015999999993e+00 3.0000000000000000e+00 5.0000000000000000e+00 
8.7587705000000007e+00 3.6319194000000001e+00 5.0000000000000000e+00 
8.9392309999999995e+00 4.3054072999999997e+00 5.0000000000000000e+00 
8.9392309999999995e+00 5.0000000000000000e+00 5.6945927000000003e+00 
8.7587705000000007e+00 5.0000000000000000e+00 6.3680805999999999e+00 
7.5711503999999996e+00 5.0000000000000000e+00 8.0641777999999995e+00 
7.0000000000000000e+00 5.0000000000000000e+00 8.4641015999999993e+00 
5.8440728000000002e+00 1.3297273000000001e+00 6.3478275000000002e+00 
7.0014086000000004e+00 2.1331186000000000e+00 6.9430271999999995e+00 
6.0915189999999999e+00 2.1221448000000001e+00 7.5547085000000003e+00 
5.9633798000000002e+00 1.6578915000000001e+00 6.9754012999999997e+00 
8.6695867000000000e+00 4.1529246999999998e+00 6.3478117999999997e+00 
8.8684329000000002e+00 4.2490867000000003e+00 5.6865535999999999e+00 
7.8631827999999997e+00 2.9932968999999998e+00 6.9430201000000000e+00 
8.3410501999999997e+00 4.0329290000000002e+00 6.9753879000000003e+00 
7.8767128000000000e+00 3.9054593000000000e+00 7.5547023000000006e+00 
5.7495580999999998e+00 1.1313059999999999e+00 5.6865632999999995e+00 
6.5290134000000002e+00 1.3642405000000000e+00 5.6658609999999996e+00 
7.2721672999999996e+00 1.7657750999999999e+00 5.6140401999999998e+00 
7.8058718000000002e+00 2.1912102000000000e+00 5.4876298999999999e+00 
8.3420307000000005e+00 3.2307852000000001e+00 6.3041128000000004e+00 
8.6345025000000000e+00 3.4679940999999999e+00 5.6658451999999997e+00 
8.2316765000000007e+00 2.7242069999999998e+00 5.6140303999999999e+00 
7.2619357000000004e+00 3.7612629000000002e+00 8.0576424000000006e+00 
6.4158923000000003e+00 3.5837159000000001e+00 8.4625696000000001e+00 
6.2371480999999998e+00 2.7371959000000001e+00 8.0576433000000005e+00 
7.6981951000000004e+00 2.2968633000000001e+00 6.1886105000000002e+00 
6.7638932000000000e+00 1.6551651000000001e+00 6.3041320000000001e+00 
7.1790611000000002e+00 2.8177400000000001e+00 7.5474367999999998e+00 
5.0000000000000000e+00 6.3680805999999999e+00 8.7587705000000007e+00 
5.0000000000000000e+00 7.0000000000000000e+00 8.4641015999999993e+00 
5.0000000000000000e+00 7.5711503999999996e+00 8.0641777999999995e+00 
5.0000000000000000e+00 8.7587705000000007e+00 6.3680805999999999e+00 
4.3054072999999997e+00 8.9392309999999995e+00 5.0000000000000000e+00 
3.6319194000000001e+00 8.7587705000000007e+00 5.0000000000000000e+00 
3.0000000000000000e+00 8.4641015999999993e+00 5.0000000000000000e+00 
2.4288495999999999e+00 8.0641777999999995e+00 5.0000000000000000e+00 
1.9358222000000000e+00 7.5711503999999996e+00 5.0000000000000000e+00 
1.5358984000000000e+00 7.0000000000000000e+00 5.0000000000000000e+00 
1.2412295000000000e+00 6.3680805999999999e+00 5.0000000000000000e+00 
1.0607690000000001e+00 5.6945927000000003e+00 5.0000000000000000e+00 
1.0000000000000000e+00 5.0000000000000000e+00 5.0000000000000000e+00 
1.5358984000000000e+00 5.0000000000000000e+00 7.0000000000000000e+00 
2.4288495999999999e+00 5.0000000000000000e+00 8.0641777999999995e+00 
3.6319194000000001e+00 5.0000000000000000e+00 8.7587705000000007e+00 
4.3054072999999997e+00 5.0000000000000000e+00 8.9392309999999995e+00 
1.6808524000000000e+00 7.1780404000000004e+00 5.4892842000000002e+00 
2.1829098999999998e+00 7.0685975000000001e+00 6.9454840000000004e+00 
3.0531643000000002e+00 7.8846305000000001e+00 6.9719882000000002e+00 
2.4325863000000001e+00 7.7762703000000002e+00 6.3041128000000004e+00 
1.3290028000000000e+00 5.8904826000000003e+00 6.3156064999999995e+00 
1.1312207000000001e+00 5.7613592000000002e+00 5.6729627000000002e+00 
1.6614770999999999e+00 6.0190042999999998e+00 6.9534314999999998e+00 
2.1312877000000001e+00 6.1193527999999997e+00 7.5529472000000002e+00 
4.0597512000000000e+00 8.3402954000000005e+00 6.9895624000000005e+00 
4.2551899999999998e+00 8.8686810999999999e+00 5.6917838999999999e+00 
3.4837435000000001e+00 8.6376849999999994e+00 5.6842620000000004e+00 
2.7393508000000000e+00 8.2322001000000000e+00 5.6650922999999995e+00 
2.0946109000000002e+00 7.6796759000000003e+00 5.6148587000000001e+00 
1.7097429000000000e+00 6.9368572999999998e+00 6.1928083000000003e+00 
1.3650446000000001e+00 6.5509016000000004e+00 5.6179027999999995e+00 
3.7721138000000001e+00 7.2650421999999999e+00 8.0597188000000006e+00 
3.5863499999999999e+00 6.4176200000000003e+00 8.4629390999999998e+00 
2.7439320000000000e+00 6.2470394000000002e+00 8.0586026000000004e+00 
4.1707622000000004e+00 8.6689337000000002e+00 6.3606210999999995e+00 
3.9279657000000001e+00 7.8783969999999997e+00 7.5623374999999999e+00 
3.2815097999999998e+00 8.3526700999999992e+00 6.3440218000000002e+00 
2.8464453999999999e+00 7.2004244999999996e+00 7.5534946000000005e+00 
3.0000000000000000e+00 5.0000000000000000e+00 8.4641015999999993e+00 
1.9358222000000000e+00 5.0000000000000000e+00 7.5711504000000005e+00 
1.2412295000000000e+00 5.0000000000000000e+00 6.3680805999999999e+00 
1.0607690000000001e+00 5.0000000000000000e+00 5.6945927000000003e+00 
1.0607690000000001e+00 4.3054072999999997e+00 5.0000000000000000e+00 
1.2412295000000000e+00 3.6319194000000001e+00 5.0000000000000000e+00 
1.5358984000000000e+00 3.0000000000000000e+00 5.0000000000000000e+00 
1.9358222000000000e+00 2.4288495999999999e+00 5.0000000000000000e+00 
2.4288495999999999e+00 1.9358222000000000e+00 5.0000000000000000e+00 
3.0000000000000000e+00 1.5358984000000000e+00 5.0000000000000000e+00 
3.6319194000000001e+00 1.2412295000000000e+00 5.0000000000000000e+00 
4.3054072999999997e+00 1.0607690000000001e+00 5.0000000000000000e+00 
5.0000000000000000e+00 1.0000000000000000e+00 5.0000000000000000e+00 
5.0000000000000000e+00 1.2412295000000000e+00 6.3680805999999999e+00 
5.0000000000000000e+00 1.9358222000000000e+00 7.5711504000000005e+00 
5.0000000000000000e+00 2.4288495999999999e+00 8.0641777999999995e+00 
2.7776771999999998e+00 1.7387431000000000e+00 5.6522920000000001e+00 
2.1056037000000001e+00 3.8825645999999998e+00 7.5246402000000003e+00 
4.1816385000000000e+00 1.3258672000000000e+00 6.3531566000000002e+00 
4.2598890999999997e+00 1.1299910000000000e+00 5.6893959000000001e+00 
4.0692319000000001e+00 1.6486023999999999e+00 6.9752986999999997e+00 
2.1200937999999998e+00 2.9022960000000002e+00 6.8181799999999999e+00 
2.8256443000000000e+00 2.7787421999999999e+00 7.5175763999999994e+00 
1.1285759000000000e+00 4.2606506000000000e+00 5.6822299999999997e+00 
1.3474117000000001e+00 3.5070176000000002e+00 5.6554405000000001e+00 
1.7038591000000001e+00 2.8189440000000001e+00 5.6151831000000003e+00 
2.1737454000000000e+00 2.2368522000000000e+00 5.6142466999999998e+00 
3.3113660000000000e+00 1.6235189999999999e+00 6.3220784999999999e+00 
3.4991302000000002e+00 1.3545715000000000e+00 5.6769350000000003e+00 
1.6384646000000000e+00 4.0333112000000000e+00 6.9405134999999998e+00 
2.7318069999999999e+00 3.7483398999999999e+00 8.0477281999999999e+00 
3.7669158000000000e+00 2.7251324000000001e+00 8.0503247000000009e+00 
3.5830267999999998e+00 3.5794456000000001e+00 8.4603774999999999e+00 
3.9280070999999999e+00 2.1074920000000001e+00 7.5464149000000003e+00 
1.6000992999999999e+00 3.3118099000000001e+00 6.2612252000000002e+00 
1.3191869000000001e+00 4.1774823000000003e+00 6.3323212000000000e+00 
3.0593333999999999e+00 2.0822821000000000e+00 6.9289208000000002e+00 
2.5075533999999999e+00 2.1351803999999999e+00 6.2571867999999995e+00 
1.9698278000000000e+00 2.6430688000000000e+00 6.1238022999999995e+00 
5.6945927000000003e+00 5.0000000000000000e+00 8.9392309999999995e+00 
6.3680805999999999e+00 5.0000000000000000e+00 8.7587705000000007e+00 
8.0641777999999995e+00 5.0000000000000000e+00 7.5711504000000005e+00 
8.4641015999999993e+00 5.0000000000000000e+00 7.0000000000000000e+00 
9.0000000000000000e+00 5.0000000000000000e+00 5.0000000000000000e+00 
8.9392309999999995e+00 5.6945927000000003e+00 5.0000000000000000e+00 
8.7587705000000007e+00 6.3680805999999999e+00 5.0000000000000000e+00 
8.4641015999999993e+00 7.0000000000000000e+00 5.0000000000000000e+00 
8.0641777999999995e+00 7.5711503999999996e+00 5.0000000000000000e+00 
7.5711503999999996e+00 8.0641777999999995e+00 5.0000000000000000e+00 
7.0000000000000000e+00 8.4641015999999993e+00 5.0000000000000000e+00 
6.3680805999999999e+00 8.7587705000000007e+00 5.0000000000000000e+00 
5.6945927000000003e+00 8.9392309999999995e+00 5.0000000000000000e+00 
5.0000000000000000e+00 9.0000000000000000e+00 5.0000000000000000e+00 
5.0000000000000000e+00 8.9392309999999995e+00 5.6945927000000003e+00 
5.0000000000000000e+00 8.4641015999999993e+00 7.0000000000000000e+00 
5.0000000000000000e+00 8.0641777999999995e+00 7.5711504000000005e+00 
5.0000000000000000e+00 5.6945927000000003e+00 8.9392309999999995e+00 
7.6795948000000003e+00 7.9054323999999996e+00 5.6150073000000003e+00 
7.8782255000000001e+00 6.0721860999999997e+00 7.5624665000000002e+00 
8.3401773000000006e+00 5.9403480999999996e+00 6.9897137000000003e+00 
7.8843572999999996e+00 6.9469922999999998e+00 6.9722331999999998e+00 
5.8903828000000003e+00 8.6709908000000002e+00 6.3156917999999997e+00 
5.7613260000000004e+00 8.8687799999999992e+00 5.6729963000000003e+00 
6.0188103999999996e+00 8.3385095000000007e+00 6.9535556999999999e+00 
8.8686731000000005e+00 5.7448014000000001e+00 5.6918379000000003e+00 
8.6688846000000002e+00 5.8292580999999997e+00 6.3607414000000002e+00 
8.6376597999999998e+00 6.5162605999999998e+00 5.6843867000000001e+00 
8.2321422999999996e+00 7.2606837999999998e+00 5.6652557000000003e+00 
7.1779723000000004e+00 8.3191772000000004e+00 5.4893868000000001e+00 
6.5508296000000001e+00 8.6349719999999994e+00 5.6179854999999996e+00 
7.0682681000000001e+00 7.8171740999999999e+00 6.9457125000000000e+00 
6.1191059000000001e+00 7.8687034999999996e+00 7.5530653000000001e+00 
7.2000954000000004e+00 7.1536822999999998e+00 7.5536705000000000e+00 
7.2648830000000002e+00 6.2279930999999999e+00 8.0597937999999996e+00 
6.2468444999999999e+00 7.2560769000000001e+00 8.0586754999999997e+00 
6.4175427000000003e+00 6.4136687999999999e+00 8.4629630999999996e+00 
8.3525405999999993e+00 6.7185644000000000e+00 6.3442499000000003e+00 
6.9366716000000004e+00 8.2903000000000002e+00 6.1929916000000000e+00 
7.7760645000000004e+00 7.5675065000000004e+00 6.3043680999999996e+00 
8.7587705000000007e+00 5.0000000000000000e+00 3.6319194000000001e+00 
5.0000000000000000e+00 6.3680805999999999e+00 1.2412295000000002e+00 
5.0000000000000000e+00 7.5711503999999996e+00 1.9358222000000000e+00 
5.0000000000000000e+00 8.0641777999999995e+00 2.4288495999999999e+00 
5.0000000000000000e+00 8.4641015999999993e+00 3.0000000000000000e+00 
5.0000000000000000e+00 8.7587705000000007e+00 3.6319194000000001e+00 
5.0000000000000000e+00 8.9392309999999995e+00 4.3054072999999997e+00 
8.8688071999999991e+00 5.7612505000000001e+00 4.3270746999999998e+00 
6.2280186999999998e+00 7.2650262000000003e+00 1.9403225000000002e+00 
6.4136930000000003e+00 6.4176085000000000e+00 1.5370737000000001e+00 
6.0722581000000000e+00 7.8783778000000000e+00 2.4377346000000002e+00 
5.9405011999999999e+00 8.3402738000000003e+00 3.0105205000000002e+00 
6.9472521000000000e+00 7.8844510000000003e+00 3.0281602999999997e+00 
8.3193113000000007e+00 7.1778120000000003e+00 4.5108094000000003e+00 
8.6350639999999999e+00 6.5506795999999996e+00 4.3821794000000001e+00 
8.3386624000000005e+00 6.0187369000000004e+00 3.0466673000000002e+00 
8.6710823000000001e+00 5.8902519000000000e+00 3.6844749000000001e+00 
7.2561745999999996e+00 6.2469516000000000e+00 1.9414402000000002e+00 
7.8174422999999997e+00 7.0682668000000000e+00 3.0546743999999997e+00 
7.8688602999999997e+00 6.1191545999999999e+00 2.4471322999999998e+00 
7.1538449000000002e+00 7.2002639999999998e+00 2.4466119000000002e+00 
5.8294281000000003e+00 8.6689141999999997e+00 3.6394422000000000e+00 
7.2609181999999999e+00 8.2320335999999994e+00 4.3350130000000000e+00 
7.9056360000000003e+00 7.6794346000000004e+00 4.3852561999999997e+00 
5.7448902000000004e+00 8.8686703999999992e+00 4.3082431000000003e+00 
6.5164521000000004e+00 8.6376164000000006e+00 4.3158069999999995e+00 
6.7188686000000004e+00 8.3525296999999998e+00 3.6561117999999997e+00 
8.2905280000000001e+00 6.9364903000000000e+00 3.8073429000000001e+00 
7.5678378000000004e+00 7.7759597999999999e+00 3.6960611999999999e+00 
1.5358984000000000e+00 5.0000000000000000e+00 3.0000000000000000e+00 
2.4288495999999999e+00 5.0000000000000000e+00 1.9358222000000000e+00 
4.3054072999999997e+00 5.0000000000000000e+00 1.0607690000000001e+00 
5.0000000000000000e+00 3.6319194000000001e+00 1.2412295000000002e+00 
5.0000000000000000e+00 3.0000000000000000e+00 1.5358984000000002e+00 
5.0000000000000000e+00 1.9358222000000000e+00 2.4288495999999999e+00 
5.0000000000000000e+00 1.5358984000000000e+00 3.0000000000000000e+00 
5.0000000000000000e+00 1.2412295000000000e+00 3.6319194000000001e+00 
5.0000000000000000e+00 1.0607690000000001e+00 4.3054072999999997e+00 
1.1315952000000000e+00 4.2489417999999999e+00 4.3134464000000001e+00 
3.7631950999999999e+00 2.7370082999999998e+00 1.9423566999999999e+00 
2.7382521999999998e+00 3.7609197999999999e+00 1.9423575999999998e+00 
3.5842060000000000e+00 3.5836177000000000e+00 1.5374303999999999e+00 
1.6591062999999999e+00 4.0323887000000003e+00 3.0246120999999997e+00 
1.6583281000000001e+00 3.2301077000000000e+00 3.6958872000000000e+00 
1.3304973000000000e+00 4.1525607000000004e+00 3.6521882000000003e+00 
1.7686138000000000e+00 2.7237949000000001e+00 4.3859696000000001e+00 
1.3656391000000001e+00 3.4676581999999998e+00 4.3341548000000003e+00 
2.1373834999999999e+00 2.9924892000000001e+00 3.0569799000000000e+00 
2.1234929000000000e+00 3.9049187999999999e+00 2.4452976999999998e+00 
2.9994003000000000e+00 2.1325539999999998e+00 3.0569728000000000e+00 
3.9090218000000001e+00 2.1219397000000000e+00 2.4452915000000002e+00 
4.0371607000000003e+00 1.6577358000000000e+00 3.0245987000000003e+00 
2.7282451999999999e+00 1.7654854000000000e+00 4.3859598000000002e+00 
4.2505867999999998e+00 1.1312778999999999e+00 4.3134367000000005e+00 
3.4713226000000001e+00 1.3640992000000001e+00 4.3341390000000004e+00 
4.1562912000000001e+00 1.3296436000000000e+00 3.6521724999999998e+00 
2.1944537000000000e+00 2.1908850000000002e+00 4.5123701000000001e+00 
3.2367849999999998e+00 1.6548075000000000e+00 3.6958679999999999e+00 
2.8215322999999999e+00 2.8171476000000002e+00 2.4525632000000002e+00 
2.3024382000000001e+00 2.2962313000000001e+00 3.8113894999999998e+00 
5.0000000000000000e+00 7.0000000000000000e+00 1.5358984000000002e+00 
5.0000000000000000e+00 5.6945927000000003e+00 1.0607690000000001e+00 
3.6319194000000001e+00 5.0000000000000000e+00 1.2412295000000002e+00 
3.0000000000000000e+00 5.0000000000000000e+00 1.5358984000000002e+00 
1.9358222000000000e+00 5.0000000000000000e+00 2.4288495999999999e+00 
1.2412295000000000e+00 5.0000000000000000e+00 3.6319194000000001e+00 
1.0607690000000001e+00 5.0000000000000000e+00 4.3054072999999997e+00 
4.2601879000000000e+00 8.8700319000000007e+00 4.3104123999999997e+00 
2.7321675000000001e+00 6.2517999000000000e+00 1.9520609000000002e+00 
3.7673027000000001e+00 7.2747846999999997e+00 1.9494571000000001e+00 
3.5831656999999999e+00 6.4205344000000002e+00 1.5395574999999999e+00 
2.5089355000000002e+00 7.8656046999999996e+00 3.7418636999999997e+00 
2.1211956000000001e+00 7.0985231999999998e+00 3.1810206999999999e+00 
1.9709512000000000e+00 7.3579593000000001e+00 3.8753261000000001e+00 
2.1745540000000001e+00 7.7638375999999996e+00 4.3851367000000003e+00 
2.7785519999999999e+00 8.2617311999999998e+00 4.3470998999999999e+00 
3.4998087999999998e+00 8.6456250000000008e+00 4.3226193999999998e+00 
3.3126199999999999e+00 8.3767943000000002e+00 3.6771209000000002e+00 
4.0700453000000003e+00 8.3513263999999996e+00 3.0241974000000003e+00 
3.9286770999999998e+00 7.8924010000000004e+00 2.4531817000000000e+00 
2.1060940000000001e+00 6.1178651000000004e+00 2.4749880000000002e+00 
1.3194098000000001e+00 5.8230332000000002e+00 3.6673815000000003e+00 
1.6388803999999999e+00 5.9673043000000003e+00 3.0590731000000000e+00 
1.7044280999999999e+00 7.1817729999999997e+00 4.3843114999999999e+00 
1.1286421000000000e+00 5.7395823999999998e+00 4.3176468000000003e+00 
1.3476884000000000e+00 6.4935187000000001e+00 4.3442398000000004e+00 
4.1823014000000001e+00 8.6741258000000006e+00 3.6464238000000000e+00 
1.6008077000000001e+00 6.6891300999999999e+00 3.7381238999999997e+00 
3.0606480999999999e+00 7.9180463999999997e+00 3.0702540000000003e+00 
2.8265419999999999e+00 7.2215140000000000e+00 2.4818745999999998e+00 
5.0000000000000000e+00 2.4288495999999999e+00 1.9358222000000000e+00 
5.0000000000000000e+00 4.3054072999999997e+00 1.0607690000000001e+00 
5.0000000000000000e+00 5.0000000000000000e+00 1.0000000000000000e+00 
5.6945927000000003e+00 5.0000000000000000e+00 1.0607690000000001e+00 
6.3680805999999999e+00 5.0000000000000000e+00 1.2412295000000002e+00 
7.0000000000000000e+00 5.0000000000000000e+00 1.5358984000000002e+00 
7.5711503999999996e+00 5.0000000000000000e+00 1.9358222000000000e+00 
8.0641777999999995e+00 5.0000000000000000e+00 2.4288495999999999e+00 
8.4641015999999993e+00 5.0000000000000000e+00 3.0000000000000000e+00 
8.9392309999999995e+00 5.0000000000000000e+00 4.3054072999999997e+00 
5.7510582000000001e+00 1.1315952000000000e+00 4.3134464000000001e+00 
7.2629916999999997e+00 3.7631950999999999e+00 1.9423566999999999e+00 
6.2390802000000001e+00 2.7382521999999998e+00 1.9423575999999998e+00 
6.4163823000000004e+00 3.5842060000000000e+00 1.5374303999999999e+00 
5.9676112999999997e+00 1.6591062999999999e+00 3.0246120999999997e+00 
6.7698923000000004e+00 1.6583281000000001e+00 3.6958872000000000e+00 
5.8474392999999996e+00 1.3304973000000000e+00 3.6521882000000003e+00 
7.8091150000000003e+00 2.1944537000000000e+00 4.5123701000000001e+00 
7.2762051000000003e+00 1.7686138000000000e+00 4.3859696000000001e+00 
6.5323418000000002e+00 1.3656391000000001e+00 4.3341548000000003e+00 
7.0075108000000004e+00 2.1373834999999999e+00 3.0569799000000000e+00 
6.0950812000000001e+00 2.1234929000000000e+00 2.4452976999999998e+00 
7.8674460000000002e+00 2.9994003000000000e+00 3.0569728000000000e+00 
7.8780602999999996e+00 3.9090218000000001e+00 2.4452915000000002e+00 
8.3422642000000007e+00 4.0371607000000003e+00 3.0245987000000003e+00 
8.2345146000000007e+00 2.7282451999999999e+00 4.3859598000000002e+00 
8.8687220999999994e+00 4.2505867999999998e+00 4.3134367000000005e+00 
8.6359007999999999e+00 3.4713226000000001e+00 4.3341390000000004e+00 
8.6703563999999993e+00 4.1562912000000001e+00 3.6521724999999998e+00 
7.7037687000000004e+00 2.3024382000000001e+00 3.8113894999999998e+00 
8.3451924999999996e+00 3.2367849999999998e+00 3.6958679999999999e+00 
7.1828523999999998e+00 2.8215322999999999e+00 2.4525632000000002e+00 
3.6294849000000000e+00 7.5591149000000000e+00 5.6625342999999999e+00 
2.4385547999999999e+00 6.6807423000000004e+00 5.3774256999999999e+00 
3.5694077000000002e+00 6.9762086999999999e+00 6.3575672999999995e+00 
3.9676792999999999e+00 6.7876902000000001e+00 4.9998705229000002e+00 
3.2426073999999998e+00 6.1532526000000001e+00 5.2590836999999997e+00 
3.9685747999999998e+00 7.9012226999999999e+00 4.9674172900000002e+00 
3.2451970999999999e+00 7.0911846000000001e+00 4.9998705229000002e+00 
4.9720377999999998e+00 5.7355399000000000e+00 6.4253263000000000e+00 
3.6336281000000001e+00 5.5330572000000000e+00 7.3154386999999996e+00 
4.4866232999999998e+00 6.3782835000000002e+00 7.3211358000000004e+00 
3.8249952999999999e+00 5.7710360999999999e+00 5.8689207000000003e+00 
5.8000398000000004e+00 6.1280055000000004e+00 5.9199883000000000e+00 
5.5107154999999999e+00 4.5369963999999996e+00 6.4600787000000004e+00 
6.2247237999999996e+00 4.9998703000000004e+00 7.5591147000000003e+00 
6.9389194999999999e+00 4.9998703000000004e+00 6.6040916000000003e+00 
5.6574201999999998e+00 7.1389294000000003e+00 6.6218745999999999e+00 
5.5330572000000000e+00 6.3663715999999999e+00 7.3154386999999996e+00 
4.0953435999999996e+00 5.5936522000000002e+00 5.1332319000000002e+00 
4.9832754000000001e+00 5.0215964000000000e+00 6.0284982999999999e+00 
4.9998703000000004e+00 6.3995179999999996e+00 5.6998236999999996e+00 
4.9998703000000004e+00 4.9998703000000004e+00 8.0733975999999998e+00 
2.9316534999999999e+00 5.6846943000000003e+00 3.2773503000000002e+00 
2.3854224999999998e+00 4.7338481000000003e+00 3.2722613000000003e+00 
4.2095422999999998e+00 5.6151457000000002e+00 3.6548625000000001e+00 
3.9360867000000002e+00 5.5871786999999999e+00 2.4556456000000000e+00 
4.4874001000000003e+00 6.3834628999999996e+00 2.6866329000000002e+00 
4.4871410999999997e+00 3.6162784000000001e+00 7.3133670999999998e+00 
3.6148666999999999e+00 4.3969164000000003e+00 2.6965219999999999e+00 
4.6691861000000001e+00 3.2697976000000000e+00 6.0175605000000001e+00 
4.9907212000000003e+00 3.9389484000000001e+00 5.0129760299999999e+00 
6.0038371000000001e+00 3.9695909000000000e+00 5.8756728000000003e+00 
4.9858475000000002e+00 2.8957145000000000e+00 4.9999150306600004e+00 
4.7460518000000000e+00 2.3736689000000002e+00 6.7289490999999995e+00 
4.4636845999999997e+00 2.3367190000000000e+00 5.4733207000000004e+00 
5.5476068999999999e+00 2.3315367999999999e+00 5.5408552000000002e+00 
7.1023506999999997e+00 4.9777465000000003e+00 4.9709349200000004e+00 
7.6977849000000003e+00 5.9617962999999996e+00 4.2190655000000001e+00 
7.1166663000000003e+00 5.5913662999999998e+00 3.3907322999999998e+00 
6.7573923999999996e+00 6.1529936999999997e+00 4.7409163000000003e+00 
8.1237163999999993e+00 5.0112252000000002e+00 4.9741799400000000e+00 
7.6011895999999997e+00 4.7737961000000002e+00 3.2789652000000000e+00 
7.6819138999999996e+00 4.4631480999999997e+00 4.5310430999999998e+00 
6.9446162999999999e+00 6.6475958999999998e+00 3.6574520000000001e+00 
7.5614451999999996e+00 6.6804832999999997e+00 4.6225743000000001e+00 
7.8628678000000001e+00 6.0419020999999997e+00 4.9998705229000002e+00 
4.9602751999999999e+00 7.1210322000000001e+00 4.9532557400000004e+00 
4.9945993000000000e+00 8.0953350000000004e+00 4.9979167340000004e+00 
4.4873776000000003e+00 7.4811645000000002e+00 6.2369472999999997e+00 
5.4890350999999997e+00 7.6942887000000004e+00 5.9375435999999997e+00 
7.4055548000000000e+00 3.6944826000000002e+00 3.5401457999999999e+00 
7.1478953000000001e+00 3.6981080000000000e+00 6.3495398000000005e+00 
7.1991787000000000e+00 2.8241355000000001e+00 4.6278717000000000e+00 
6.7273540000000001e+00 4.6653017999999999e+00 3.9837343000000001e+00 
6.3743992000000000e+00 4.4788547000000003e+00 2.6830075000000000e+00 
4.7375498000000000e+00 2.4085158999999998e+00 3.2866296999999998e+00 
3.6658821000000001e+00 3.1106365000000000e+00 3.4422575000000002e+00 
4.6653017999999999e+00 3.2723873000000001e+00 3.9837343000000001e+00 
4.4788547000000003e+00 3.6256005999999998e+00 2.6830075000000000e+00 
4.4779939999999998e+00 2.3388228000000000e+00 4.5239000999999996e+00 
6.3083657999999998e+00 2.5965167999999998e+00 3.5398867999999997e+00 
5.5226989000000000e+00 3.6266365000000000e+00 2.6832663999999999e+00 
4.2333660000000002e+00 4.2323303000000001e+00 4.8667680999999998e+00 
4.8101687000000002e+00 4.1383991000000000e+00 6.5502970000000005e+00 
3.4158477999999999e+00 3.7677665000000000e+00 5.5874376000000003e+00 
3.5119197000000000e+00 3.5101070000000001e+00 4.7414341999999996e+00 
3.6613364000000002e+00 2.9722593000000002e+00 6.5261465000000003e+00 
2.8521044000000000e+00 3.6975899000000001e+00 3.6504601999999999e+00 
2.3367534000000001e+00 4.4758101000000003e+00 5.4907161999999996e+00 
4.8338808999999996e+00 4.1422143000000000e+00 3.4381178999999999e+00 
4.0044507999999999e+00 4.0031556999999998e+00 4.1321151000000000e+00 
4.9998703000000004e+00 4.9998703000000004e+00 2.9005288999999999e+00 
4.1427320999999999e+00 4.8333630999999997e+00 3.4381178999999999e+00 
4.9998703000000004e+00 4.9998703000000004e+00 1.9266024000000002e+00 
3.2729051000000000e+00 4.6645250000000003e+00 3.9834753000000003e+00 
6.6807423000000004e+00 7.5611863000000001e+00 5.3776846999999997e+00 
6.1532526000000001e+00 6.7573923999999996e+00 5.2590836999999997e+00 
6.0514568999999998e+00 7.8795089999999997e+00 4.9357834100000000e+00 
2.9461050000000002e+00 4.3540387000000003e+00 6.7659380000000002e+00 
3.9360867000000002e+00 4.4128213000000001e+00 7.5443543999999996e+00 
4.9998703000000004e+00 4.9998703000000004e+00 7.0994711000000006e+00 
7.2040997000000004e+00 2.8060608000000000e+00 5.3831308000000000e+00 
6.3707738000000003e+00 3.1486070000000002e+00 6.5686150000000003e+00 
7.6096105999999999e+00 4.4933562000000000e+00 5.4631395999999999e+00 
3.6745429000000001e+00 4.7468724000000000e+00 5.2334471999999996e+00 
6.4902500999999999e+00 3.5248153000000002e+00 5.2618856000000003e+00 
3.5732919999999999e+00 2.7964294000000001e+00 5.6669365000000003e+00 
2.6762744999999999e+00 3.1926293000000001e+00 5.8616700999999996e+00 
2.3426466000000001e+00 4.4993619999999996e+00 4.4803937999999999e+00 
3.9397120000000001e+00 4.9998703000000004e+00 4.4672017999999998e+00 
2.9376937999999999e+00 5.0506267999999999e+00 4.9930532500000000e+00 
3.4163655999999998e+00 6.2324923999999999e+00 4.4120445000000004e+00 
4.9998703000000004e+00 4.9998703000000004e+00 4.9998705229000002e+00 
4.9998703000000004e+00 4.9998703000000004e+00 3.9239158999999999e+00 
2.8540131999999998e+00 5.4386581999999999e+00 6.4106610000000002e+00 
2.3092915999999999e+00 6.0029478000000003e+00 5.7836490000000005e+00 
5.9577422000000002e+00 6.3161345000000004e+00 4.0981920000000001e+00 
6.3906840999999996e+00 5.5878167000000003e+00 2.6510023999999999e+00 
4.9998703000000004e+00 1.9266022000000000e+00 4.9998705229000002e+00 
6.7384892000000001e+00 7.2255815999999999e+00 4.2118729000000004e+00 
6.0134172000000001e+00 7.0772009000000002e+00 3.2894782000000000e+00 
4.9998703000000004e+00 5.6998239000000002e+00 3.6002232000000003e+00 
3.9371464000000000e+00 6.8411087999999998e+00 3.8027435999999999e+00 
4.9998703000000004e+00 6.3995179999999996e+00 4.3001763000000004e+00 
6.4196838999999999e+00 2.5783206999999999e+00 5.0499518600000002e+00 
2.6361368000000001e+00 3.6351819000000001e+00 4.9998705229000002e+00 
7.4242166999999997e+00 3.6145501000000002e+00 4.9938083649999996e+00 
5.5211452999999997e+00 3.6256005999999998e+00 7.3167336000000001e+00 
5.5066438000000000e+00 2.3903892000000000e+00 4.5368604000000001e+00 
6.4075455999999997e+00 3.5953031000000002e+00 2.9751077000000001e+00 
4.9998703000000004e+00 7.5661063000000004e+00 3.7563725999999997e+00 
3.6432095000000002e+00 7.5749110999999996e+00 4.3444574999999999e+00 
4.4475211999999997e+00 7.4249763000000000e+00 3.1208990000000001e+00 
5.8575267999999996e+00 4.8338808999999996e+00 3.4381178999999999e+00 
6.3372598000000000e+00 4.9853344000000002e+00 5.3296305000000004e+00 
5.7029795999999999e+00 4.2696633000000004e+00 5.1495085999999999e+00 
6.9759498000000004e+00 6.4305925000000004e+00 6.3578261999999999e+00 
6.8415527000000003e+00 5.6260218999999996e+00 5.7953777999999998e+00 
5.8977690000000003e+00 5.5685716000000003e+00 4.8775779000000004e+00 
6.1996598000000001e+00 3.8113122000000001e+00 4.2856930999999996e+00 
2.1090162000000001e+00 6.0641145999999999e+00 4.9686124300000003e+00 
2.6773104999999999e+00 6.8081474000000002e+00 4.1375530999999999e+00 
2.8332009000000000e+00 2.8303522999999999e+00 4.6233510999999998e+00 
5.5133767000000002e+00 6.3782835000000002e+00 2.6788642000000000e+00 
7.7025752000000001e+00 5.4569244000000001e+00 5.9670643999999999e+00 
4.9998703000000004e+00 6.0758251999999997e+00 4.9998705229000002e+00 
3.4738536000000000e+00 2.3564663000000001e+00 4.9998705229000002e+00 
1.8433652000000000e+00 5.0159197000000004e+00 4.9647442999999996e+00 
281 282 283 61 
70 48 69 281 
76 66 78 281 
284 285 283 281 
281 286 287 47 
281 286 47 68 
281 61 283 78 
288 289 290 291 
292 293 294 288 
295 292 293 294 
288 296 297 292 
298 291 299 300 
291 299 300 288 
288 297 296 290 
301 1 136 57 
302 223 303 241 
302 304 305 306 
307 112 4 3 
248 227 306 302 
302 308 303 189 
302 303 223 189 
302 227 305 189 
309 310 311 312 
309 313 314 315 
316 317 318 319 
320 166 159 317 
258 320 166 159 
317 321 322 318 
317 174 321 318 
258 275 320 159 
317 323 318 319 
317 324 173 186 
317 325 166 173 
281 286 68 67 
326 327 286 281 
328 296 134 135 
328 329 44 134 
283 328 281 66 
283 290 289 291 
283 284 291 285 
328 66 283 77 
283 291 300 290 
321 330 277 322 
331 26 25 32 
278 332 274 279 
321 333 334 330 
321 273 330 272 
174 178 256 321 
335 336 337 338 
339 214 216 336 
214 335 336 339 
335 195 339 214 
335 340 270 341 
335 340 263 270 
309 342 343 310 
309 344 342 345 
309 343 346 307 
313 315 19 93 
313 314 93 98 
336 198 338 209 
336 198 308 338 
218 208 206 347 
348 82 103 115 
336 349 350 337 
336 349 308 350 
338 336 349 308 
336 350 345 337 
335 210 336 209 
347 208 206 217 
308 222 305 221 
308 351 352 349 
308 338 353 351 
302 354 308 352 
217 336 198 308 
308 338 198 200 
329 355 149 157 
328 283 300 290 
315 39 19 29 
328 77 283 290 
329 134 296 143 
44 328 67 329 
329 142 327 133 
329 296 356 355 
329 357 142 149 
110 358 359 307 
359 358 110 55 
329 141 44 134 
359 360 289 301 
359 307 301 3 
359 358 55 289 
359 289 360 343 
315 93 28 19 
359 56 289 80 
359 358 289 343 
361 362 20 331 
331 361 32 38 
26 363 32 331 
358 343 344 364 
331 20 25 40 
331 365 362 311 
331 362 293 311 
331 26 295 27 
346 366 107 117 
313 93 19 5 
346 367 117 101 
346 101 358 367 
343 346 307 358 
102 358 307 346 
368 85 84 197 
102 307 113 346 
369 354 370 371 
369 372 373 298 
369 350 354 352 
369 370 354 364 
369 372 364 342 
369 371 304 354 
374 358 348 364 
283 374 285 291 
374 375 285 370 
289 283 374 79 
374 375 64 59 
283 289 374 291 
323 318 176 178 
317 323 319 324 
323 318 319 376 
323 318 376 377 
378 7 315 6 
323 379 187 171 
323 380 171 179 
302 304 371 354 
304 351 306 381 
369 352 304 373 
369 354 304 352 
304 351 352 305 
302 304 306 382 
304 382 371 383 
369 350 349 342 
336 337 338 349 
337 350 342 349 
384 8 9 29 
350 354 347 345 
369 345 364 354 
354 350 369 345 
352 350 349 369 
354 368 385 370 
308 347 354 303 
331 363 311 295 
361 31 34 38 
32 363 33 386 
38 20 25 331 
309 362 315 311 
362 22 315 39 
322 275 13 276 
362 343 387 293 
343 311 362 309 
309 307 313 387 
362 37 35 387 
362 387 21 37 
335 193 341 270 
340 388 265 268 
340 389 280 270 
335 263 340 265 
390 391 382 326 
390 391 326 286 
315 6 28 93 
315 29 28 8 
390 327 165 226 
390 180 380 170 
390 180 379 380 
390 357 183 327 
390 327 183 165 
162 390 237 392 
334 393 351 341 
334 389 262 260 
334 262 341 353 
315 7 8 28 
374 358 364 289 
289 358 364 299 
374 370 291 364 
374 54 358 81 
367 348 115 358 
314 99 90 91 
358 109 367 101 
358 81 55 374 
311 293 310 343 
331 361 362 365 
311 295 363 394 
311 293 394 395 
331 294 295 293 
387 307 360 343 
387 307 4 3 
387 307 95 4 
311 295 394 293 
330 272 273 271 
294 292 396 295 
295 153 396 294 
331 295 26 363 
295 394 292 397 
293 295 394 292 
398 399 373 393 
393 389 399 341 
321 178 256 255 
334 377 353 351 
393 377 351 381 
178 318 176 255 
334 351 393 377 
318 334 255 321 
323 324 379 319 
317 323 324 186 
400 52 63 51 
319 316 333 318 
317 319 325 324 
317 159 321 175 
334 318 393 333 
302 241 401 231 
298 383 373 304 
308 352 351 305 
381 373 304 351 
340 337 388 399 
374 59 64 65 
336 347 402 345 
216 336 208 402 
337 399 349 310 
337 345 339 312 
359 110 307 112 
289 283 79 73 
289 74 290 73 
288 289 299 360 
299 358 343 289 
289 290 74 301 
359 301 307 360 
313 22 5 19 
297 396 296 152 
297 301 290 360 
297 41 290 301 
297 292 296 396 
297 396 153 294 
167 377 380 403 
393 333 318 376 
393 318 377 376 
334 389 272 330 
334 389 260 272 
377 318 334 255 
377 403 381 376 
377 403 167 168 
374 348 115 82 
328 296 290 300 
375 282 71 59 
375 282 72 71 
292 397 394 398 
292 396 356 296 
288 290 296 300 
297 290 41 42 
340 332 330 399 
193 338 249 209 
340 389 330 280 
340 389 399 330 
340 341 389 270 
334 377 255 254 
393 399 389 333 
334 393 318 377 
389 261 341 262 
389 341 261 270 
389 330 280 272 
341 338 249 193 
199 217 308 347 
338 351 341 353 
338 341 191 353 
338 341 249 192 
338 341 192 191 
321 330 322 333 
321 277 330 273 
321 330 334 272 
386 330 279 332 
330 399 386 333 
340 269 330 278 
332 330 279 278 
323 379 376 319 
379 376 356 357 
182 324 127 379 
390 357 379 180 
379 185 380 180 
184 357 379 181 
181 184 185 379 
379 182 324 187 
379 324 127 355 
356 397 319 396 
319 398 316 397 
397 316 404 363 
397 325 404 316 
397 396 404 325 
98 314 107 346 
309 313 346 314 
309 387 343 307 
359 307 343 360 
374 375 62 64 
346 344 358 343 
359 289 56 301 
313 346 100 113 
386 331 32 363 
384 30 39 29 
227 306 302 305 
306 403 161 392 
306 392 161 228 
310 345 312 309 
306 351 403 381 
23 363 33 32 
396 292 356 397 
396 139 404 156 
396 158 355 150 
396 296 355 356 
396 296 152 150 
380 161 167 403 
169 380 161 167 
334 389 393 341 
403 383 376 392 
376 392 380 403 
393 376 377 381 
377 253 353 168 
306 305 160 353 
393 349 399 373 
337 399 312 388 
399 316 333 394 
399 384 312 388 
399 398 395 394 
335 340 337 388 
393 341 399 349 
377 381 403 351 
393 373 381 351 
393 351 341 349 
382 247 392 248 
381 304 383 306 
382 392 247 391 
382 284 383 326 
390 326 382 383 
306 392 382 383 
382 383 284 371 
304 383 306 382 
374 364 348 370 
358 364 344 348 
288 290 289 360 
59 79 65 374 
283 282 59 61 
283 290 73 289 
364 358 343 299 
288 291 290 300 
291 284 300 298 
302 304 382 371 
304 381 383 373 
23 26 363 32 
383 298 405 284 
376 381 373 383 
403 376 383 381 
376 405 326 383 
356 376 405 326 
391 235 286 226 
391 286 47 287 
302 401 248 231 
382 248 401 247 
391 401 230 247 
237 390 245 391 
391 287 401 371 
309 313 362 387 
95 313 21 94 
331 386 365 363 
387 360 307 301 
40 362 37 35 
295 292 396 397 
295 363 397 404 
387 36 294 301 
387 301 294 360 
288 299 293 360 
292 394 293 299 
311 310 293 395 
331 27 25 26 
293 343 299 310 
390 379 376 380 
306 403 351 353 
323 379 380 376 
377 403 168 353 
390 380 162 170 
391 392 237 390 
306 392 383 403 
390 392 382 391 
306 161 403 219 
323 377 376 380 
283 375 374 59 
300 328 281 283 
297 301 294 155 
43 328 135 296 
328 290 43 77 
296 154 43 297 
288 292 300 296 
288 289 291 299 
296 290 43 328 
297 43 290 42 
295 294 17 153 
331 295 311 293 
311 365 394 363 
39 362 20 361 
313 362 22 315 
346 358 344 367 
151 296 154 43 
295 138 396 153 
382 391 401 371 
237 391 247 392 
306 403 383 381 
405 376 373 383 
373 376 398 393 
304 383 371 298 
405 298 383 373 
393 381 373 376 
345 385 402 406 
106 367 96 406 
367 96 406 366 
366 96 406 108 
366 314 108 406 
359 80 289 55 
307 358 359 343 
313 346 98 100 
314 107 346 366 
346 366 117 367 
302 352 308 305 
370 368 240 302 
303 203 347 368 
303 347 201 207 
241 401 240 302 
327 329 133 67 
358 348 115 374 
139 295 404 122 
292 405 356 398 
329 296 157 143 
288 300 292 299 
329 300 326 356 
303 368 224 203 
368 347 202 203 
385 347 202 368 
402 336 208 347 
335 265 340 388 
315 39 22 19 
303 201 347 203 
301 119 1 2 
302 370 400 240 
347 218 402 202 
369 298 304 371 
385 354 345 347 
389 330 333 399 
301 120 119 3 
308 221 305 353 
340 389 341 399 
321 159 322 277 
322 317 318 316 
393 349 373 351 
334 353 377 253 
334 333 393 389 
334 253 377 254 
335 388 195 265 
404 325 146 144 
404 147 156 146 
282 401 371 400 
313 100 5 94 
331 361 38 20 
404 363 316 320 
394 333 399 398 
308 338 200 353 
335 336 338 209 
387 36 3 4 
313 5 22 94 
308 305 351 353 
302 308 189 305 
306 403 160 219 
306 305 229 160 
302 368 354 370 
302 382 306 248 
309 312 315 314 
309 343 311 310 
331 293 362 294 
293 395 299 394 
387 307 3 301 
331 362 40 35 
281 284 286 326 
297 290 43 296 
364 289 291 374 
328 326 329 300 
296 356 300 329 
347 385 202 402 
368 385 370 348 
202 368 205 385 
302 304 354 352 
401 49 287 233 
401 282 49 242 
167 377 176 380 
391 371 284 287 
371 282 285 287 
392 248 306 382 
391 401 234 230 
321 272 256 273 
399 384 332 365 
395 398 399 373 
395 398 299 394 
372 395 398 299 
311 395 394 365 
399 394 365 316 
333 316 386 322 
310 365 312 399 
313 362 21 22 
313 314 315 93 
362 361 384 365 
362 311 365 315 
362 361 39 384 
315 378 312 388 
315 29 384 39 
91 314 6 378 
313 22 21 94 
196 339 91 378 
387 36 4 37 
7 388 196 378 
307 113 95 111 
378 339 314 312 
300 405 284 326 
367 117 118 106 
300 356 405 326 
405 372 299 298 
398 405 376 373 
405 372 373 398 
311 365 315 312 
385 366 406 345 
314 406 90 108 
312 406 345 339 
366 406 345 312 
309 366 344 345 
406 314 312 366 
366 108 314 107 
397 396 325 319 
395 310 372 373 
398 397 319 356 
395 310 299 372 
340 332 267 278 
404 145 139 122 
295 27 26 121 
385 87 402 367 
385 104 348 85 
366 385 344 345 
337 341 338 349 
385 202 402 204 
204 385 87 402 
364 372 299 342 
364 299 372 298 
374 375 370 348 
303 308 199 189 
404 23 122 26 
345 344 364 385 
364 342 344 345 
390 383 382 392 
286 327 45 67 
391 287 47 234 
233 401 234 287 
390 245 391 226 
286 45 327 226 
399 333 316 386 
365 395 310 311 
395 373 372 398 
309 344 343 342 
343 310 342 299 
349 337 310 342 
293 395 310 299 
390 183 357 180 
329 327 357 326 
115 374 54 358 
315 93 314 6 
358 344 367 348 
309 366 345 312 
348 385 370 364 
385 344 364 348 
374 82 375 348 
244 400 401 242 
400 407 63 52 
400 407 52 243 
400 72 282 50 
303 368 302 240 
401 244 246 240 
400 240 407 243 
400 282 242 50 
302 401 240 400 
220 160 190 353 
342 345 364 369 
314 108 99 98 
369 304 298 373 
122 295 404 26 
396 356 355 324 
355 324 127 147 
405 299 398 292 
297 152 296 154 
288 294 297 360 
396 355 296 150 
371 287 285 284 
379 357 355 181 
355 379 128 127 
386 363 33 13 
11 361 12 332 
361 12 332 386 
322 330 279 386 
386 276 322 13 
386 12 332 274 
386 316 363 322 
386 363 316 365 
331 365 386 361 
404 15 363 320 
293 343 360 299 
404 320 316 325 
15 24 16 404 
15 363 14 24 
330 333 386 322 
331 294 362 35 
331 311 363 365 
281 286 284 287 
281 328 67 76 
391 47 286 235 
391 286 287 284 
281 300 284 326 
287 401 371 282 
281 282 61 70 
302 401 400 371 
242 244 246 401 
287 282 70 49 
401 282 287 49 
66 328 281 76 
340 270 269 263 
391 286 284 326 
281 70 287 282 
390 357 327 326 
323 380 379 171 
281 48 69 47 
292 296 356 300 
282 287 281 285 
387 36 37 35 
328 296 329 134 
390 391 286 226 
288 297 294 292 
291 298 285 284 
162 161 380 392 
295 27 17 35 
340 384 399 388 
335 337 339 388 
338 349 341 351 
342 369 373 349 
301 119 41 136 
390 226 286 327 
383 284 405 326 
334 341 351 353 
306 403 353 160 
393 333 376 398 
399 395 365 394 
337 312 339 388 
221 353 160 305 
345 350 342 337 
302 308 354 303 
345 385 364 354 
335 337 336 339 
368 407 197 84 
339 314 312 406 
352 373 349 351 
309 342 310 345 
367 366 406 385 
385 364 354 370 
368 407 348 370 
368 348 84 85 
368 385 348 85 
345 350 369 342 
302 304 352 305 
385 367 104 105 
406 385 402 367 
322 320 14 275 
275 320 159 322 
362 40 37 21 
331 361 386 32 
363 322 316 320 
301 56 41 74 
398 333 399 393 
377 403 353 351 
403 168 353 160 
306 305 353 351 
390 376 357 326 
308 353 200 221 
338 200 353 191 
341 191 353 262 
334 353 253 262 
375 400 63 72 
371 285 370 298 
281 285 283 282 
77 290 73 283 
73 283 79 77 
283 374 375 285 
326 328 281 300 
292 398 394 299 
362 20 21 22 
299 289 291 364 
309 313 315 362 
313 307 113 95 
309 366 312 314 
283 78 61 60 
367 115 104 114 
313 95 387 307 
3 56 301 359 
2 3 56 301 
375 400 370 407 
400 371 285 370 
374 291 370 285 
375 285 400 282 
374 79 65 289 
302 370 354 371 
358 97 110 55 
385 367 344 348 
308 350 354 347 
302 400 370 371 
375 407 370 348 
375 407 348 82 
82 407 103 83 
309 313 307 346 
373 304 351 352 
390 286 326 327 
329 357 327 142 
376 356 357 326 
379 380 185 171 
357 149 355 129 
396 355 147 324 
397 316 319 325 
327 328 281 326 
335 339 195 388 
339 406 216 213 
340 388 268 384 
335 337 341 338 
369 364 298 370 
315 8 388 384 
309 346 344 366 
336 337 345 339 
315 378 314 312 
346 366 367 344 
342 337 310 345 
217 308 347 336 
297 301 155 41 
396 356 324 319 
290 301 41 74 
289 301 74 56 
315 378 6 314 
110 102 358 307 
387 293 360 294 
346 102 358 101 
359 307 3 112 
358 367 109 115 
387 301 3 36 
240 370 400 407 
375 400 407 63 
407 84 348 103 
327 45 67 133 
368 224 407 240 
302 241 303 240 
79 283 374 59 
313 21 362 387 
121 295 138 139 
399 332 386 365 
404 24 16 23 
294 301 36 120 
294 301 120 155 
308 350 352 354 
394 316 363 365 
331 35 295 294 
374 62 375 82 
26 121 122 295 
309 344 346 343 
293 311 362 343 
329 296 355 157 
329 357 355 356 
386 332 361 365 
283 60 66 78 
361 332 11 10 
362 293 387 294 
313 19 315 22 
283 60 61 59 
331 295 35 27 
362 294 387 35 
361 384 30 39 
313 346 314 98 
372 405 299 398 
300 405 299 298 
343 344 364 342 
400 282 285 371 
378 312 388 339 
282 71 59 61 
83 407 63 82 
336 406 345 402 
228 392 248 306 
390 392 380 376 
302 382 401 371 
287 47 234 48 
390 376 379 357 
281 327 286 67 
347 308 199 303 
285 287 281 284 
349 369 373 352 
306 229 305 227 
292 300 356 405 
347 385 402 345 
321 334 255 272 
286 67 46 68 
281 66 78 283 
317 322 321 159 
323 176 318 377 
379 356 319 324 
323 379 324 187 
67 328 281 327 
323 187 324 186 
357 129 355 181 
376 405 398 356 
161 380 392 403 
290 42 74 41 
375 400 72 282 
369 371 370 298 
338 335 193 341 
199 303 207 347 
306 219 229 228 
315 7 378 388 
369 298 364 372 
370 298 291 364 
236 237 391 247 
291 299 364 298 
369 342 373 372 
336 350 308 347 
407 63 82 375 
375 400 285 370 
390 380 392 162 
403 219 161 167 
376 319 356 398 
318 176 255 377 
317 324 325 173 
324 126 325 173 
396 147 156 404 
186 323 174 317 
318 333 319 376 
295 394 397 363 
333 376 398 319 
303 224 368 240 
340 399 384 332 
332 9 361 384 
332 268 267 9 
386 361 12 34 
386 32 361 34 
340 268 267 332 
268 384 332 340 
329 357 356 326 
329 328 67 327 
297 396 152 153 
379 355 128 181 
396 319 324 325 
48 287 281 70 
297 155 294 153 
396 147 355 158 
392 383 376 390 
357 327 131 183 
317 325 319 316 
324 325 126 147 
55 374 289 358 
309 346 366 314 
387 293 343 360 
399 395 310 365 
399 365 312 384 
339 195 388 196 
345 337 310 312 
315 388 8 7 
339 90 406 213 
363 322 320 14 
317 320 166 325 
288 360 293 294 
320 124 325 144 
397 363 394 316 
317 320 325 316 
320 325 124 166 
337 399 341 349 
317 316 322 320 
315 312 365 384 
310 372 373 342 
281 69 68 47 
175 317 174 321 
10 332 9 361 
362 315 365 384 
361 332 384 365 
386 363 13 322 
347 368 385 354 
399 395 373 310 
340 280 330 269 
336 345 350 347 
402 106 367 87 
402 367 106 406 
366 117 367 96 
337 399 310 312 
385 367 348 104 
402 406 106 88 
402 216 406 211 
348 367 115 104 
378 314 339 91 
385 367 105 87 
325 124 166 125 
402 406 88 211 
336 339 345 406 
382 391 247 401 
343 342 364 299 
309 343 387 362 
314 90 339 91 
392 237 238 247 
378 339 388 196 
336 214 216 210 
359 55 110 80 
310 342 299 372 
7 315 6 28 
340 278 330 332 
65 374 289 55 
314 339 90 406 
315 388 312 384 
321 318 333 322 
388 384 8 268 
366 385 367 344 
399 349 310 373 
330 386 399 332 
311 365 312 310 
378 196 92 91 
315 8 384 29 
404 26 363 23 
355 129 149 148 
357 181 184 129 
404 15 320 144 
407 83 52 53 
289 73 75 74 
286 46 47 68 
290 42 43 73 
301 56 57 41 
329 357 149 355 
180 357 379 184 
306 219 228 161 
302 303 354 368 
349 342 310 373 
306 227 228 229 
407 53 52 225 
407 243 224 225 
400 50 244 51 
296 151 135 43 
329 143 157 141 
380 185 170 180 
303 240 188 224 
303 241 223 188 
380 162 169 161 
374 82 54 62 
374 81 64 54 
313 346 113 307 
292 300 405 299 
380 377 176 323 
318 316 333 322 
328 329 296 300 
374 65 64 81 
294 155 120 18 
209 335 193 338 
379 324 355 356 
296 355 157 150 
283 300 291 284 
382 326 391 284 
283 300 284 281 
398 316 397 394 
399 365 386 316 
297 294 292 396 
297 360 294 301 
321 318 334 333 
317 323 174 318 
404 320 325 144 
295 404 26 363 
317 320 322 159 
99 91 314 6 
314 98 99 93 
396 324 147 325 
294 18 120 36 
387 4 95 37 
396 404 139 295 
386 322 276 279 
397 292 356 398 
334 389 330 333 
389 262 260 261 
277 330 279 322 
335 194 193 263 
335 265 195 194 
388 259 8 7 
289 360 290 301 
387 35 294 36 
313 98 93 5 
387 95 313 21 
363 322 14 13 
279 332 274 386 
323 380 179 176 
389 280 270 261 
335 270 263 193 
294 153 18 17 
396 152 153 138 
375 62 72 63 
355 157 137 148 
355 150 158 157 
288 297 290 360 
294 18 35 17 
355 181 129 128 
331 27 35 40 
361 9 10 30 
212 196 339 91 
20 361 38 39 
40 362 331 20 
377 254 176 255 
379 171 185 187 
323 179 171 177 
323 178 176 179 
353 253 252 160 
332 10 9 267 
328 329 326 327 
340 264 269 278 
334 260 254 255 
389 260 272 280 
330 280 271 269 
302 239 189 223 
294 155 18 153 
290 42 73 74 
297 42 41 155 
330 272 271 280 
321 256 272 255 
322 275 277 159 
174 323 178 318 
377 253 168 254 
332 266 10 267 
361 10 31 30 
390 226 165 164 
407 243 240 224 
391 235 234 47 
286 226 46 45 
401 234 287 391 
406 89 213 90 
339 212 213 214 
407 368 240 370 
368 385 85 205 
380 162 170 169 
357 327 142 131 
346 113 116 100 
346 116 101 117 
282 58 72 71 
282 50 58 49 
282 58 71 70 
282 71 61 70 
400 63 72 51 
375 71 72 62 
386 34 12 33 
24 363 404 15 
404 16 144 145 
388 265 268 259 
332 11 266 274 
332 10 266 11 
264 267 340 268 
361 34 31 11 
361 12 34 11 
330 273 279 271 
47 287 281 48 
147 325 404 396 
341 262 192 191 
340 278 267 264 
384 268 9 8 
340 268 265 264 
371 285 298 284 
9 384 332 268 
391 236 245 237 
391 235 245 236 
391 236 247 230 
282 58 70 49 
302 239 231 248 
302 241 239 223 
401 248 231 247 
390 170 162 163 
401 242 49 233 
305 229 221 222 
287 49 48 233 
282 72 58 50 
287 234 233 48 
385 205 204 86 
368 203 205 197 
402 204 202 218 
402 87 204 215 
335 214 210 194 
339 212 91 90 
336 210 216 208 
335 214 194 195 
210 335 336 214 
335 263 265 194 
347 202 203 201 
385 204 205 202 
203 368 205 202 
379 187 181 182 
297 42 154 43 
380 170 171 169 
403 219 168 160 
323 171 187 177 
353 252 220 160 
380 170 185 171 
390 180 163 164 
317 186 175 174 
324 186 187 182 
323 186 177 187 
379 181 128 182 
177 174 323 178 
286 226 235 46 
327 226 45 165 
327 165 132 131 
178 318 321 174 
334 272 260 255 
340 337 399 341 
403 167 168 219 
296 151 154 152 
283 60 79 77 
296 151 152 150 
296 151 143 135 
297 155 153 154 
296 150 157 143 
396 150 140 158 
296 143 151 150 
329 143 141 134 
283 282 375 59 
355 137 157 158 
407 197 224 368 
404 144 16 15 
404 16 145 122 
404 156 145 146 
325 144 124 125 
357 183 131 130 
320 144 15 124 
285 370 298 291 
358 97 101 102 
358 81 97 55 
367 114 101 109 
367 105 114 104 
115 367 109 114 
313 95 113 94 
346 116 113 102 
346 116 107 100 
367 118 101 114 
406 213 89 211 
406 108 89 90 
406 89 108 96 
314 107 108 98 
406 89 88 211 
406 213 211 216 
368 407 84 348 
358 97 81 109 
374 54 64 62 
358 54 109 81 
358 101 97 109 
385 87 105 86 
402 87 215 88 
385 85 86 104 
86 204 385 87 
346 100 107 98 
313 100 98 5 
289 65 75 79 
289 360 343 299 
289 65 55 75 
289 75 55 80 
289 73 79 75 
82 374 54 115 
77 328 135 43 
328 135 134 66 
290 73 43 77 
329 141 149 142 
328 134 44 76 
57 56 301 2 
139 295 138 396 
301 119 136 1 
400 243 244 240 
309 312 311 315 
327 165 45 132 
327 132 45 133 
327 131 133 142 
327 131 132 133 
329 133 44 142 
283 285 375 282 
375 59 71 64 
361 39 30 38 
362 39 20 22 
331 27 40 25 
295 17 27 121 
332 278 266 267 
361 34 32 38 
361 31 38 30 
288 292 293 299 
387 37 95 21 
307 111 95 4 
339 212 214 195 
384 30 29 9 
331 25 38 32 
361 10 11 31 
359 80 112 56 
363 13 24 33 
23 363 404 24 
386 13 12 276 
322 13 275 14 
388 259 268 8 
315 28 29 19 
362 20 40 21 
388 259 196 195 
335 193 210 209 
354 368 303 347 
340 264 265 263 
330 271 278 269 
353 190 250 191 
313 94 113 100 
332 266 278 274 
338 192 249 198 
379 357 356 355 
332 11 274 12 
386 274 276 12 
386 34 33 32 
340 269 270 280 
361 30 384 9 
330 271 279 278 
336 406 402 216 
321 273 256 257 
322 275 276 277 
279 322 276 277 
386 274 279 276 
320 15 123 124 
320 123 14 258 
363 24 13 14 
320 123 258 124 
320 275 258 14 
321 273 257 277 
341 270 193 249 
333 398 394 316 
339 196 212 195 
301 57 136 41 
388 195 265 259 
259 7 388 196 
340 269 264 263 
341 192 261 249 
401 400 282 242 
353 253 250 252 
341 270 249 261 
353 262 191 253 
390 226 164 245 
163 390 245 237 
392 162 161 238 
390 180 164 183 
163 162 390 237 
390 165 183 164 
405 298 373 372 
306 227 248 228 
379 376 319 356 
392 237 162 238 
306 219 160 229 
390 170 163 180 
391 235 236 234 
392 248 247 238 
401 246 242 232 
407 52 243 225 
295 294 35 17 
401 246 231 241 
400 243 52 51 
401 233 234 230 
391 236 230 234 
302 231 239 241 
303 203 188 201 
390 383 376 326 
305 227 229 222 
383 284 371 298 
190 221 353 160 
302 189 239 227 
287 49 70 48 
401 246 232 231 
240 400 401 244 
305 189 227 222 
377 403 376 380 
401 232 230 231 
286 235 47 46 
336 216 339 406 
407 225 197 84 
400 243 51 244 
308 349 338 351 
303 188 203 224 
368 203 197 224 
282 50 49 242 
325 173 126 125 
303 240 241 188 
336 209 210 208 
208 402 218 216 
347 402 218 208 
347 202 206 218 
217 336 347 208 
339 213 216 214 
353 221 191 200 
338 249 209 198 
336 209 217 198 
302 382 248 401 
402 211 218 216 
347 217 206 207 
402 204 218 215 
347 217 207 199 
402 218 211 215 
385 85 205 86 
402 215 211 88 
402 87 88 106 
406 88 89 96 
335 210 193 194 
366 108 107 96 
333 316 319 398 
389 260 280 261 
304 305 306 351 
308 222 200 199 
347 206 201 207 
189 303 207 199 
303 188 223 201 
305 229 160 221 
392 228 248 238 
246 241 401 240 
303 223 207 201 
308 199 200 198 
353 251 250 190 
308 221 200 222 
281 78 68 69 
341 261 192 262 
338 192 198 200 
406 88 96 106 
320 258 166 124 
320 15 14 123 
330 273 277 279 
400 50 51 72 
404 145 144 146 
320 15 363 14 
324 186 182 172 
324 182 127 172 
297 155 154 42 
324 186 172 173 
324 173 172 126 
334 254 262 253 
255 318 321 178 
176 380 179 167 
334 389 341 262 
353 253 160 168 
348 85 104 103 
377 176 168 167 
308 350 349 352 
321 256 174 257 
323 179 177 178 
386 12 13 33 
321 174 175 257 
317 175 186 173 
317 175 173 166 
400 50 242 244 
380 171 179 169 
390 163 245 164 
377 254 168 176 
302 227 239 248 
355 129 148 128 
177 186 323 174 
308 305 222 189 
317 159 175 166 
363 24 23 33 
380 169 179 167 
308 189 222 199 
385 86 105 104 
392 228 238 161 
353 250 251 252 
353 251 220 252 
335 340 341 337 
321 159 257 175 
327 183 165 131 
357 184 183 130 
127 379 128 182 
355 137 127 128 
357 184 180 183 
355 148 137 128 
357 130 129 184 
379 185 181 187 
225 407 197 224 
336 208 217 209 
325 166 173 125 
355 137 158 147 
396 156 158 140 
355 137 147 127 
329 157 149 141 
146 325 404 147 
404 145 156 139 
294 36 35 18 
382 391 371 284 
295 153 17 138 
401 233 230 232 
295 17 121 138 
297 154 153 152 
303 189 207 223 
334 254 260 262 
362 315 384 39 
324 147 126 127 
355 149 157 148 
325 126 147 146 
324 172 127 126 
301 119 120 41 
329 141 142 44 
357 129 130 149 
357 149 130 142 
296 143 134 135 
286 67 45 46 
407 225 84 53 
325 126 146 125 
325 144 125 146 
396 158 156 147 
67 329 133 44 
357 131 142 130 
396 156 140 139 
396 152 138 140 
295 121 122 139 
396 140 138 139 
404 16 122 23 
301 155 41 120 
396 140 150 152 
314 99 108 90 
346 116 117 107 
346 101 116 102 
358 109 54 115 
367 105 87 106 
347 206 202 201 
367 101 118 117 
367 118 105 106 
367 114 105 118 
367 106 96 117 
366 107 117 96 
358 110 97 102 
307 102 111 110 
368 205 85 197 
307 112 111 4 
359 56 112 3 
374 81 55 65 
307 112 110 111 
281 69 70 61 
348 103 104 115 
348 82 407 103 
348 84 85 103 
407 103 83 84 
359 112 80 110 
301 57 2 1 
301 119 2 3 
301 36 120 3 
321 277 257 159 
378 92 6 91 
378 196 7 92 
314 6 93 99 
353 253 191 250 
378 6 92 7 
375 62 63 82 
338 200 191 192 
353 221 190 191 
407 52 83 63 
401 230 247 231 
407 84 83 53 
111 102 307 113 
353 251 190 220 
339 213 212 90 
308 217 199 198 
401 242 233 232 
379 184 185 180 
300 405 298 284 
289 75 80 74 
328 77 135 66 
283 77 66 60 
328 134 76 66 
281 76 67 68 
391 226 245 235 
328 44 67 76 
295 397 396 404 
281 78 69 61 
281 78 76 68 
289 56 74 80 
283 79 60 59 
375 64 71 62 
