DAT
498 1704 0
0.00000000000000000000 0.00000000000000000000 1.00000000000000000000 
0.00000000000000000000 -0.38268340000000000689 0.92387949999999996464 
0.00000000000000000000 -0.70710680000000003531 0.70710680000000003531 
0.00000000000000000000 -0.92387949999999996464 0.38268340000000000689 
0.38268340000000000689 -0.92387949999999996464 0.00000000000000000000 
0.70710680000000003531 -0.70710680000000003531 0.00000000000000000000 
0.92387949999999996464 -0.38268340000000000689 0.00000000000000000000 
1.00000000000000000000 0.00000000000000000000 0.00000000000000000000 
0.14644660000000001010 -0.35355340000000001766 0.92387949999999996464 
0.27059810000000000807 -0.65328149999999995945 0.70710680000000003531 
0.35355340000000001766 -0.85355340000000001766 0.38268340000000000689 
0.27059810000000000807 -0.27059810000000000807 0.92387949999999996464 
0.50000000000000000000 -0.50000000000000000000 0.70710680000000003531 
0.65328149999999995945 -0.65328149999999995945 0.38268340000000000689 
0.35355340000000001766 -0.14644660000000001010 0.92387949999999996464 
0.65328149999999995945 -0.27059810000000000807 0.70710680000000003531 
0.85355340000000001766 -0.35355340000000001766 0.38268340000000000689 
0.00000000000000000000 0.70710680000000003531 0.70710680000000003531 
0.00000000000000000000 0.92387949999999996464 0.38268340000000000689 
-0.38268340000000000689 0.92387949999999996464 0.00000000000000000000 
-0.70710680000000003531 0.70710680000000003531 0.00000000000000000000 
-0.92387949999999996464 0.38268340000000000689 0.00000000000000000000 
-0.92387949999999996464 0.00000000000000000000 0.38268340000000000689 
-0.14644660000000001010 0.35355340000000001766 0.92387949999999996464 
-0.27059810000000000807 0.65328149999999995945 0.70710680000000003531 
-0.35355340000000001766 0.85355340000000001766 0.38268340000000000689 
-0.27059810000000000807 0.27059810000000000807 0.92387949999999996464 
-0.50000000000000000000 0.50000000000000000000 0.70710680000000003531 
-0.65328149999999995945 0.65328149999999995945 0.38268340000000000689 
-0.35355340000000001766 0.14644660000000001010 0.92387949999999996464 
-0.65328149999999995945 0.27059810000000000807 0.70710680000000003531 
-0.85355340000000001766 0.35355340000000001766 0.38268340000000000689 
-0.38268340000000000689 0.00000000000000000000 0.92387949999999996464 
-0.70710680000000003531 0.00000000000000000000 0.70710680000000003531 
-1.00000000000000000000 0.00000000000000000000 0.00000000000000000000 
-0.92387949999999996464 -0.38268340000000000689 0.00000000000000000000 
-0.70710680000000003531 -0.70710680000000003531 0.00000000000000000000 
-0.38268340000000000689 -0.92387949999999996464 0.00000000000000000000 
0.00000000000000000000 -1.00000000000000000000 0.00000000000000000000 
-0.35355340000000001766 -0.14644660000000001010 0.92387949999999996464 
-0.65328149999999995945 -0.27059810000000000807 0.70710680000000003531 
-0.85355340000000001766 -0.35355340000000001766 0.38268340000000000689 
-0.27059810000000000807 -0.27059810000000000807 0.92387949999999996464 
-0.50000000000000000000 -0.50000000000000000000 0.70710680000000003531 
-0.65328149999999995945 -0.65328149999999995945 0.38268340000000000689 
-0.14644660000000001010 -0.35355340000000001766 0.92387949999999996464 
-0.27059810000000000807 -0.65328149999999995945 0.70710680000000003531 
-0.35355340000000001766 -0.85355340000000001766 0.38268340000000000689 
0.38268340000000000689 0.00000000000000000000 0.92387949999999996464 
0.70710680000000003531 0.00000000000000000000 0.70710680000000003531 
0.92387949999999996464 0.00000000000000000000 0.38268340000000000689 
0.92387949999999996464 0.38268340000000000689 0.00000000000000000000 
0.70710680000000003531 0.70710680000000003531 0.00000000000000000000 
0.38268340000000000689 0.92387949999999996464 0.00000000000000000000 
0.00000000000000000000 1.00000000000000000000 0.00000000000000000000 
0.00000000000000000000 0.38268340000000000689 0.92387949999999996464 
0.35355340000000001766 0.14644660000000001010 0.92387949999999996464 
0.65328149999999995945 0.27059810000000000807 0.70710680000000003531 
0.85355340000000001766 0.35355340000000001766 0.38268340000000000689 
0.27059810000000000807 0.27059810000000000807 0.92387949999999996464 
0.50000000000000000000 0.50000000000000000000 0.70710680000000003531 
0.65328149999999995945 0.65328149999999995945 0.38268340000000000689 
0.14644660000000001010 0.35355340000000001766 0.92387949999999996464 
0.27059810000000000807 0.65328149999999995945 0.70710680000000003531 
0.35355340000000001766 0.85355340000000001766 0.38268340000000000689 
0.38268340000000000689 0.00000000000000000000 -0.92387949999999996464 
0.00000000000000000000 0.38268340000000000689 -0.92387949999999996464 
0.33526759999999999895 0.93701029999999996267 -0.09801714000000000260 
0.23251749999999998808 0.92826200000000003154 -0.29028470000000000661 
0.44701220000000002619 0.80868359999999994692 -0.38237549999999997929 
0.50015149999999997110 0.50015149999999997110 -0.70689250000000003471 
0.80868359999999994692 0.44701220000000002619 -0.38237549999999997929 
0.00000000000000000000 -0.38268340000000000689 -0.92387949999999996464 
-0.33526759999999999895 -0.93701029999999996267 -0.09801714000000000260 
-0.23251749999999998808 -0.92826200000000003154 -0.29028470000000000661 
-0.44701220000000002619 -0.80868359999999994692 -0.38237549999999997929 
-0.50015149999999997110 -0.50015149999999997110 -0.70689250000000003471 
-0.80868359999999994692 -0.44701220000000002619 -0.38237549999999997929 
0.00000000000000000000 0.92387949999999996464 -0.38268340000000000689 
0.00000000000000000000 0.70710680000000003531 -0.70710680000000003531 
0.00000000000000000000 0.00000000000000000000 -1.00000000000000000000 
-0.38268340000000000689 0.00000000000000000000 -0.92387949999999996464 
-0.70710680000000003531 0.00000000000000000000 -0.70710680000000003531 
-0.92387949999999996464 0.00000000000000000000 -0.38268340000000000689 
-0.93701029999999996267 0.33526759999999999895 -0.09801714000000000260 
-0.92826200000000003154 0.23251749999999998808 -0.29028470000000000661 
-0.80868359999999994692 0.44701220000000002619 -0.38237549999999997929 
-0.50015149999999997110 0.50015149999999997110 -0.70689250000000003471 
-0.44701220000000002619 0.80868359999999994692 -0.38237549999999997929 
0.00000000000000000000 -0.92387949999999996464 -0.38268340000000000689 
0.00000000000000000000 -0.70710680000000003531 -0.70710680000000003531 
0.70710680000000003531 0.00000000000000000000 -0.70710680000000003531 
0.92387949999999996464 0.00000000000000000000 -0.38268340000000000689 
0.93701029999999996267 -0.33526759999999999895 -0.09801714000000000260 
0.92826200000000003154 -0.23251749999999998808 -0.29028470000000000661 
0.50015149999999997110 -0.50015149999999997110 -0.70689250000000003471 
0.80868359999999994692 -0.44701220000000002619 -0.38237549999999997929 
0.44701220000000002619 -0.80868359999999994692 -0.38237549999999997929 
0.38295859999999998236 -0.14872769999999999047 0.33285320000000001572 
-0.00749942900000000016 -0.00191749999999999993 -0.03965020999999999823 
-0.00590170199999999999 -0.24371360000000000245 0.49137189999999997259 
0.16937699999999999978 0.17759220000000000561 0.48495769999999999156 
-0.23097699999999998788 0.09446491999999999389 0.47572969999999997759 
0.54503270000000003659 -0.42791725000000002677 0.16642660000000000786 
0.75789519999999999111 -0.57705950000000005851 -0.19118774999999998965 
0.59582109999999999239 -0.29786994999999999445 -0.02476114999999998179 
0.86628154999999995578 -0.41484779999999998878 -0.19118774999999998965 
0.65341905000000000125 -0.26570555000000001256 0.16642660000000000786 
0.81549314999999999998 -0.54489509999999996559 0.00000000000000000000 
0.54489509999999996559 -0.81549314999999999998 0.00000000000000000000 
0.38282099999999996687 -0.53630359999999999143 0.16642660000000000786 
0.18759198550000000250 -0.46289849999999999053 -0.01982510499999999912 
0.18772958549999999023 -0.07532259999999998956 0.14660149499999999834 
0.34980368550000001671 -0.35451215000000002586 -0.01982510499999999912 
0.31207574999999998511 -0.20852235000000002296 0.92387949999999996464 
0.42677670000000000883 -0.32322329999999999117 0.81549314999999999998 
0.38529904999999997628 -0.38529904999999997628 0.81549314999999999998 
0.24704914899999999567 -0.37185679999999998735 0.59923934999999994844 
0.13234819899999999970 -0.25715585000000001914 0.70762569999999991310 
0.17382584900000000450 -0.19508010000000000628 0.70762569999999991310 
0.86628154999999995578 0.41484779999999998878 -0.19118774999999998965 
0.81549314999999999998 0.54489509999999996559 0.00000000000000000000 
0.75789519999999999111 0.57705950000000005851 -0.19118774999999998965 
0.34980368550000001671 0.35259465000000000945 -0.01982510499999999912 
0.40059208549999997251 0.22254735000000000489 -0.21101285499999999917 
0.45819003549999998137 0.19038294999999999524 -0.01982510499999999912 
0.26146520000000000872 0.01557279999999999776 0.70441860000000000586 
0.43824190000000001755 0.08879610000000000281 0.59603225000000004119 
0.53033010000000002648 -0.07322330000000000505 0.81549314999999999998 
0.54503270000000003659 -0.07436384999999999523 0.51997999999999999776 
0.36825600000000002776 -0.14758715000000000028 0.62836634999999996243 
0.27616779999999996331 0.01443225000000000757 0.40890545000000000364 
-0.00295085099999999999 -0.62185679999999998735 0.24568594999999998629 
0.17677670000000000883 -0.92677670000000000883 0.19134170000000000345 
0.17382584900000000450 -0.54863349999999999618 0.43702764999999998974 
0.17677670000000000883 -0.88871644999999999115 0.38268340000000000689 
-0.00295085099999999999 -0.58379654999999996967 0.43702764999999998974 
0.00000000000000000000 -0.96193974999999998232 0.19134170000000000345 
0.01146519999999999484 0.26557279999999999776 0.70441860000000000586 
-0.07322330000000000505 0.17677670000000000883 0.96193974999999998232 
0.08468849999999999989 0.08879610000000000281 0.74247885000000002353 
0.00000000000000000000 0.19134170000000000345 0.96193974999999998232 
0.08468849999999999989 0.28013779999999999237 0.70441860000000000586 
-0.07322330000000000505 0.36811840000000001227 0.92387949999999996464 
0.51146519999999995321 0.26557279999999999776 0.43382054999999997147 
0.78033010000000002648 0.17677670000000000883 0.54489509999999996559 
0.61825600000000002776 0.10241285000000001359 0.35776830000000003906 
-0.60362914999999994770 0.25007574999999998555 -0.70699964999999997950 
-0.54489509999999996559 0.00000000000000000000 -0.81549314999999999998 
-0.44141744999999998900 0.25007574999999998555 -0.81538599999999994417 
-0.19509141450000000440 -0.00095874999999999997 -0.48176485499999999185 
-0.25382546449999998650 0.24911699999999997734 -0.37327135500000002688 
-0.35730311450000001861 -0.00095874999999999997 -0.37337850500000002718 
0.54662824999999992670 0.28013779999999999237 0.24247884999999999578 
0.08093878549999999894 0.08783735000000000848 0.22265374499999998625 
0.65341905000000000125 0.11697785000000000821 0.16642660000000000786 
0.61825600000000002776 -0.25114055000000001794 0.35776830000000003906 
0.75341744999999993304 -0.50341744999999993304 0.38268340000000000689 
0.51812004999999994315 -0.40100459999999998884 0.35776830000000003906 
0.68019414999999994187 -0.68019414999999994187 0.19134170000000000345 
0.78033010000000002648 -0.53033010000000002648 0.19134170000000000345 
0.65341905000000000125 -0.07436384999999999523 -0.02491509999999999558 
0.92387949999999996464 0.19134170000000000345 -0.19134170000000000345 
0.45819003549999998137 -0.00095874999999999997 -0.21116680500000001297 
-0.19134170000000000345 -0.96193974999999998232 0.00000000000000000000 
-0.19429255100000000778 -0.58379654999999996967 0.24568594999999998629 
-0.19509141450000000440 -0.46289849999999999053 -0.01982510499999999912 
-0.00670056550000000008 -0.12281554999999999556 0.22586084499999997677 
-0.00374971450000000008 -0.50095875000000000821 -0.01982510499999999912 
0.18852844899999998685 -0.19622064999999999646 0.41211255000000002191 
0.08173764899999999556 -0.03306069999999999842 0.48816479999999995432 
-0.75341744999999993304 -0.50341744999999993304 0.38268340000000000689 
-0.67677670000000000883 -0.42677670000000000883 0.54489509999999996559 
-0.57664074999999992421 -0.57664074999999992421 0.54489509999999996559 
-0.25295085099999997658 -0.37185679999999998735 0.59923934999999994844 
-0.32959160099999995630 -0.44849754999999996707 0.43702764999999998974 
-0.42972755099999998540 -0.29863349999999999618 0.43702764999999998974 
0.18839084899999999911 -0.58379654999999996967 0.24568594999999998629 
0.36811840000000001227 -0.88871644999999999115 0.19134170000000000345 
0.36825600000000002776 -0.50114055000000001794 0.35776830000000003906 
0.19134170000000000345 -0.96193974999999998232 0.00000000000000000000 
-0.35650425099999999423 -0.47541020000000000501 0.24568594999999998629 
-0.78033010000000002648 -0.53033010000000002648 0.19134170000000000345 
-0.35730311450000001861 -0.35451215000000002586 -0.01982510499999999912 
-0.43052641450000000978 -0.17773545000000001703 0.17151659499999999392 
0.57664074999999992421 -0.57664074999999992421 0.54489509999999996559 
0.44147930000000001893 -0.32436385000000000911 0.51997999999999999776 
0.42677670000000000883 -0.67677670000000000883 0.54489509999999996559 
0.50341744999999993304 -0.75341744999999993304 0.38268340000000000689 
0.13234819899999999970 -0.44849754999999996707 0.59923934999999994844 
0.38529904999999997628 -0.57664074999999992421 0.70710680000000003531 
0.31207574999999998511 -0.75341744999999993304 0.54489509999999996559 
0.67677670000000000883 -0.42677670000000000883 0.54489509999999996559 
0.08468849999999999989 0.58879610000000004444 0.24247884999999999578 
0.17677670000000000883 0.92677670000000000883 0.19134170000000000345 
0.26146520000000000872 0.51557280000000005327 0.43382054999999997147 
0.36811840000000001227 0.88871644999999999115 0.19134170000000000345 
0.27603020000000000334 0.55073585000000002676 0.24247884999999999578 
0.19134170000000000345 0.96193974999999998232 0.00000000000000000000 
0.43824190000000001755 0.44234950000000000658 0.24247884999999999578 
0.54489509999999996559 0.81549314999999999998 0.00000000000000000000 
0.53033010000000002648 0.78033010000000002648 0.19134170000000000345 
-0.09208820000000000894 0.51557280000000005327 0.43382054999999997147 
-0.17677670000000000883 0.78033010000000002648 0.54489509999999996559 
0.08468849999999999989 0.44234950000000000658 0.59603225000000004119 
0.00000000000000000000 0.81549314999999999998 0.54489509999999996559 
0.08468849999999999989 0.55073585000000002676 0.43382054999999997147 
-0.17677670000000000883 0.88871644999999999115 0.38268340000000000689 
-0.11923821449999999489 0.04627370999999999568 0.21803974499999997927 
-0.11843935099999999827 -0.07462434000000001122 0.48355079999999994733 
-0.03079999999999999405 0.13602855999999999281 0.48034369999999998457 
0.78033010000000002648 0.53033010000000002648 0.19134170000000000345 
0.88871644999999999115 0.36811840000000001227 0.19134170000000000345 
0.65341905000000000125 -0.07436384999999999523 0.35776830000000003906 
0.81549314999999999998 0.00000000000000000000 0.54489509999999996559 
0.78033010000000002648 -0.17677670000000000883 0.54489509999999996559 
0.88871644999999999115 -0.17677670000000000883 0.38268340000000000689 
-0.17677670000000000883 0.92677670000000000883 0.19134170000000000345 
-0.18052641450000000978 0.42581795000000000062 0.17151659499999999392 
-0.00374971450000000008 0.49904124999999999179 -0.01982510499999999912 
0.88871644999999999115 0.17677670000000000883 0.38268340000000000689 
0.51812004999999994315 -0.20966289999999998539 0.51997999999999999776 
0.68019414999999994187 -0.13529905000000000403 0.70710680000000003531 
0.50341744999999993304 -0.20852235000000002296 0.81549314999999999998 
0.57664074999999992421 -0.38529904999999997628 0.70710680000000003531 
-0.11548849999999999394 0.04723245999999999695 0.73786485000000001655 
-0.00295085099999999999 -0.12185680000000000123 0.74568594999999993078 
0.75341744999999993304 -0.31207574999999998511 0.54489509999999996559 
0.00000000000000000000 0.96193974999999998232 0.19134170000000000345 
0.17677670000000000883 0.88871644999999999115 0.38268340000000000689 
0.41132924999999997961 0.22409515000000002072 0.59603225000000004119 
0.57664074999999992421 0.38529904999999997628 0.70710680000000003531 
0.33468849999999999989 0.33879609999999998893 0.59603225000000004119 
0.42677670000000000883 0.32322329999999999117 0.81549314999999999998 
0.26146520000000000872 0.16201940000000000786 0.70441860000000000586 
0.50341744999999993304 0.20852235000000002296 0.81549314999999999998 
0.25007574999999998555 0.60362914999999994770 -0.70699964999999997950 
-0.00374971450000000008 0.35259465000000000945 -0.37337850500000002718 
0.24632603549999998460 0.24911699999999997734 -0.37327135500000002688 
0.21975638550000001215 0.40338304999999996525 -0.21101285499999999917 
0.47358184999999997089 0.65441755000000001452 -0.54463400000000006251 
0.22350610000000001309 0.75789519999999999111 -0.54474115000000000730 
-0.00295085099999999999 -0.47541020000000000501 0.59923934999999994844 
0.13529905000000000403 -0.68019414999999994187 0.70710680000000003531 
0.20852235000000002296 -0.50341744999999993304 0.81549314999999999998 
0.07027244900000000072 -0.29863349999999999618 0.70762569999999991310 
0.07322330000000000505 -0.53033010000000002648 0.81549314999999999998 
-0.46904190000000001159 0.40078585999999999379 0.23786484999999998879 
-0.81549314999999999998 0.54489509999999996559 0.00000000000000000000 
-0.57742824999999997626 0.23857416000000000733 0.23786484999999998879 
-0.88871644999999999115 0.36811840000000001227 0.19134170000000000345 
-0.54226520000000000277 0.22400916000000001271 0.42920654999999996448 
-0.78033010000000002648 0.53033010000000002648 0.19134170000000000345 
-0.29226520000000000277 0.47400915999999998496 0.42920654999999996448 
0.17677670000000000883 0.78033010000000002648 0.54489509999999996559 
0.13529905000000000403 0.68019414999999994187 0.70710680000000003531 
0.21998755000000000392 0.41543684999999996865 0.59603225000000004119 
0.31207574999999998511 0.75341744999999993304 0.54489509999999996559 
0.38529904999999997628 0.57664074999999992421 0.70710680000000003531 
0.20852235000000002296 0.50341744999999993304 0.81549314999999999998 
0.15791179999999999106 0.26557279999999999776 0.70441860000000000586 
0.32322329999999999117 0.42677670000000000883 0.81549314999999999998 
-0.61548849999999999394 0.04723245999999999695 0.23786484999999998879 
-0.92677670000000000883 0.17677670000000000883 0.19134170000000000345 
-0.96193974999999998232 0.19134170000000000345 0.00000000000000000000 
-0.54226520000000000277 -0.12954424000000000494 0.42920654999999996448 
-0.17972755100000001316 -0.54863349999999999618 0.43702764999999998974 
-0.31207574999999998511 -0.75341744999999993304 0.54489509999999996559 
-0.13824990100000000837 -0.44849754999999996707 0.59923934999999994844 
-0.38529904999999997628 -0.57664074999999992421 0.70710680000000003531 
-0.42677670000000000883 -0.67677670000000000883 0.54489509999999996559 
-0.17972755100000001316 -0.19508010000000000628 0.70762569999999991310 
-0.29226520000000000277 -0.02599084000000000810 0.69980459999999999887 
-0.44212924999999997366 -0.08806659000000000015 0.59141825000000003421 
-0.32959160099999995630 -0.25715585000000001914 0.59923934999999994844 
-0.50341744999999993304 -0.20852235000000002296 0.81549314999999999998 
-0.75341744999999993304 0.50341744999999993304 0.38268340000000000689 
-0.44212924999999997366 0.37387320999999995585 0.42920654999999996448 
-0.68019414999999994187 0.68019414999999994187 0.19134170000000000345 
-0.57664074999999992421 0.57664074999999992421 0.54489509999999996559 
-0.36548849999999999394 0.29723245999999997613 0.59141825000000003421 
-0.42677670000000000883 0.67677670000000000883 0.54489509999999996559 
-0.50341744999999993304 0.75341744999999993304 0.38268340000000000689 
-0.92677670000000000883 -0.17677670000000000883 0.19134170000000000345 
-0.88871644999999999115 -0.17677670000000000883 0.38268340000000000689 
-0.57742824999999997626 0.04723245999999999695 0.42920654999999996448 
-0.96193974999999998232 0.00000000000000000000 0.19134170000000000345 
-0.78033010000000002648 -0.17677670000000000883 0.54489509999999996559 
-0.46904190000000001159 0.04723245999999999695 0.59141825000000003421 
-0.81549314999999999998 0.00000000000000000000 0.54489509999999996559 
0.60362914999999994770 0.25007574999999998555 -0.70699964999999997950 
0.34980368550000001671 -0.00095874999999999997 -0.37337850500000002718 
0.75789519999999999111 0.22350610000000001309 -0.54474115000000000730 
0.65441755000000001452 0.47358184999999997089 -0.54463400000000006251 
0.47358184999999997089 -0.65441755000000001452 -0.54463400000000006251 
0.25007574999999998555 -0.60362914999999994770 -0.70699964999999997950 
0.22350610000000001309 -0.75789519999999999111 -0.54474115000000000730 
-0.00374971450000000008 -0.35451215000000002586 -0.37337850500000002718 
0.21975638550000001215 -0.40530054999999998167 -0.21101285499999999917 
0.24632603549999998460 -0.25103449999999999376 -0.37327135500000002688 
0.40059208549999997251 -0.22446485000000002130 -0.21101285499999999917 
0.62784790000000001431 -0.62784790000000001431 -0.38237549999999997929 
0.65441755000000001452 -0.47358184999999997089 -0.54463400000000006251 
0.75789519999999999111 -0.22350610000000001309 -0.54474115000000000730 
0.86628154999999995578 -0.22350610000000001309 -0.38252944999999999309 
0.81549314999999999998 0.00000000000000000000 -0.54489509999999996559 
0.57705950000000005851 -0.75789519999999999111 -0.19118774999999998965 
-0.00374971450000000008 -0.19230045000000001165 -0.48176485499999999185 
0.25007574999999998555 -0.44141744999999998900 -0.81538599999999994417 
0.00000000000000000000 -0.54489509999999996559 -0.81549314999999999998 
-0.47358184999999997089 0.65441755000000001452 -0.54463400000000006251 
-0.25007574999999998555 0.60362914999999994770 -0.70699964999999997950 
-0.22350610000000001309 0.75789519999999999111 -0.54474115000000000730 
-0.22725581450000001404 0.40338304999999996525 -0.21101285499999999917 
-0.40809151449999997441 0.22254735000000000489 -0.21101285499999999917 
-0.62784790000000001431 0.62784790000000001431 -0.38237549999999997929 
-0.65441755000000001452 0.47358184999999997089 -0.54463400000000006251 
-0.75789519999999999111 0.22350610000000001309 -0.54474115000000000730 
-0.00374971450000000008 0.46098099999999997411 -0.21116680500000001297 
-0.22350610000000001309 0.86628154999999995578 -0.38252944999999999309 
-0.19134170000000000345 0.92387949999999996464 -0.19134170000000000345 
-0.41484779999999998878 0.86628154999999995578 -0.19118774999999998965 
-0.19509141450000000440 0.46098099999999997411 -0.01982510499999999912 
-0.75789519999999999111 -0.22350610000000001309 -0.54474115000000000730 
-0.65441755000000001452 -0.47358184999999997089 -0.54463400000000006251 
-0.60362914999999994770 -0.25007574999999998555 -0.70699964999999997950 
-0.25382546449999998650 -0.25103449999999999376 -0.37327135500000002688 
-0.40809151449999997441 -0.22446485000000002130 -0.21101285499999999917 
-0.19134170000000000345 -0.19134170000000000345 -0.92387949999999996464 
-0.44141744999999998900 -0.25007574999999998555 -0.81538599999999994417 
-0.25007574999999998555 -0.44141744999999998900 -0.81538599999999994417 
-0.25007574999999998555 0.44141744999999998900 -0.81538599999999994417 
0.00000000000000000000 0.54489509999999996559 -0.81549314999999999998 
-0.00374971450000000008 0.19038294999999999524 -0.48176485499999999185 
0.44141744999999998900 -0.25007574999999998555 -0.81538599999999994417 
0.19134170000000000345 -0.19134170000000000345 -0.92387949999999996464 
0.18759198550000000250 -0.00095874999999999997 -0.48176485499999999185 
-0.25007574999999998555 -0.60362914999999994770 -0.70699964999999997950 
-0.22725581450000001404 -0.40530054999999998167 -0.21101285499999999917 
-0.62784790000000001431 -0.62784790000000001431 -0.38237549999999997929 
-0.47358184999999997089 -0.65441755000000001452 -0.54463400000000006251 
-0.46568946449999998327 -0.00095874999999999997 -0.21116680500000001297 
-0.81549314999999999998 0.00000000000000000000 -0.54489509999999996559 
-0.86628154999999995578 -0.22350610000000001309 -0.38252944999999999309 
-0.22350610000000001309 -0.86628154999999995578 -0.38252944999999999309 
-0.41484779999999998878 -0.86628154999999995578 -0.19118774999999998965 
-0.19134170000000000345 -0.92387949999999996464 -0.19134170000000000345 
-0.00374971450000000008 -0.46289849999999999053 -0.21116680500000001297 
-0.75789519999999999111 -0.57705950000000005851 -0.19118774999999998965 
-0.57705950000000005851 -0.75789519999999999111 -0.19118774999999998965 
-0.22350610000000001309 -0.75789519999999999111 -0.54474115000000000730 
-0.46568946449999998327 -0.19230045000000001165 -0.01982510499999999912 
-0.86628154999999995578 -0.41484779999999998878 -0.19118774999999998965 
-0.81549314999999999998 -0.54489509999999996559 0.00000000000000000000 
0.54489509999999996559 0.00000000000000000000 -0.81549314999999999998 
0.44141744999999998900 0.25007574999999998555 -0.81538599999999994417 
0.00000000000000000000 -0.19134170000000000345 -0.96193974999999998232 
-0.00374971450000000008 -0.00095874999999999997 -0.51982510500000000953 
0.19134170000000000345 0.00000000000000000000 -0.96193974999999998232 
-0.54489509999999996559 -0.81549314999999999998 0.00000000000000000000 
0.19134170000000000345 0.19134170000000000345 -0.92387949999999996464 
0.00000000000000000000 0.19134170000000000345 -0.96193974999999998232 
0.25007574999999998555 0.44141744999999998900 -0.81538599999999994417 
0.60362914999999994770 -0.25007574999999998555 -0.70699964999999997950 
-0.19134170000000000345 0.00000000000000000000 -0.96193974999999998232 
0.19134170000000000345 -0.92387949999999996464 -0.19134170000000000345 
0.00000000000000000000 -0.96193974999999998232 -0.19134170000000000345 
0.62784790000000001431 0.62784790000000001431 -0.38237549999999997929 
0.22350610000000001309 -0.86628154999999995578 -0.38252944999999999309 
0.41484779999999998878 -0.86628154999999995578 -0.19118774999999998965 
0.57705950000000005851 0.75789519999999999111 -0.19118774999999998965 
0.00000000000000000000 0.81549314999999999998 -0.54489509999999996559 
0.22350610000000001309 0.86628154999999995578 -0.38252944999999999309 
0.41484779999999998878 0.86628154999999995578 -0.19118774999999998965 
0.19134170000000000345 0.92387949999999996464 -0.19134170000000000345 
0.18759198550000000250 0.46098099999999997411 -0.01982510499999999912 
-0.86628154999999995578 0.22350610000000001309 -0.38252944999999999309 
-0.35730311450000001861 0.35259465000000000945 -0.01982510499999999912 
-0.57705950000000005851 0.75789519999999999111 -0.19118774999999998965 
-0.75789519999999999111 0.57705950000000005851 -0.19118774999999998965 
0.96193974999999998232 0.00000000000000000000 -0.19134170000000000345 
0.69147930000000001893 -0.07436384999999999523 0.16642660000000000786 
0.96193974999999998232 0.19134170000000000345 0.00000000000000000000 
-0.31207574999999998511 0.75341744999999993304 0.54489509999999996559 
-0.13529905000000000403 0.68019414999999994187 0.70710680000000003531 
-0.05061055000000000414 0.41543684999999996865 0.59603225000000004119 
-0.18871179999999998511 0.22400916000000001271 0.69980459999999999887 
0.20852235000000002296 0.31207574999999998511 0.92387949999999996464 
0.21998755000000000392 0.22409515000000002072 0.70441860000000000586 
0.38529904999999997628 0.38529904999999997628 0.81549314999999999998 
0.07322330000000000505 0.17677670000000000883 0.96193974999999998232 
0.13529905000000000403 0.13529905000000000403 0.96193974999999998232 
0.42677670000000000883 0.67677670000000000883 0.54489509999999996559 
0.57664074999999992421 0.57664074999999992421 0.54489509999999996559 
0.41132924999999997961 0.41543684999999996865 0.43382054999999997147 
0.50341744999999993304 0.75341744999999993304 0.38268340000000000689 
0.75341744999999993304 0.50341744999999993304 0.38268340000000000689 
0.68019414999999994187 0.68019414999999994187 0.19134170000000000345 
0.67677670000000000883 0.42677670000000000883 0.54489509999999996559 
0.00000000000000000000 0.96193974999999998232 -0.19134170000000000345 
0.07322330000000000505 0.53033010000000002648 0.81549314999999999998 
0.17677670000000000883 0.07322330000000000505 0.96193974999999998232 
0.31207574999999998511 0.20852235000000002296 0.92387949999999996464 
0.68019414999999994187 0.13529905000000000403 0.70710680000000003531 
0.75341744999999993304 0.31207574999999998511 0.54489509999999996559 
0.53033010000000002648 0.07322330000000000505 0.81549314999999999998 
-0.36811840000000001227 -0.88871644999999999115 0.19134170000000000345 
-0.53033010000000002648 -0.78033010000000002648 0.19134170000000000345 
-0.13529905000000000403 -0.68019414999999994187 0.70710680000000003531 
-0.17677670000000000883 -0.78033010000000002648 0.54489509999999996559 
-0.17677670000000000883 -0.92677670000000000883 0.19134170000000000345 
-0.20852235000000002296 -0.50341744999999993304 0.81549314999999999998 
-0.07617415100000000938 -0.29863349999999999618 0.70762569999999991310 
-0.32322329999999999117 -0.42677670000000000883 0.81549314999999999998 
-0.50341744999999993304 -0.75341744999999993304 0.38268340000000000689 
-0.07322330000000000505 -0.17677670000000000883 0.96193974999999998232 
-0.13529905000000000403 -0.13529905000000000403 0.96193974999999998232 
-0.13824990100000000837 -0.25715585000000001914 0.70762569999999991310 
-0.20852235000000002296 -0.31207574999999998511 0.92387949999999996464 
-0.07322330000000000505 -0.53033010000000002648 0.81549314999999999998 
-0.68019414999999994187 -0.68019414999999994187 0.19134170000000000345 
0.17677670000000000883 -0.07322330000000000505 0.96193974999999998232 
-0.92387949999999996464 -0.19134170000000000345 -0.19134170000000000345 
-0.17677670000000000883 -0.07322330000000000505 0.96193974999999998232 
-0.31207574999999998511 -0.20852235000000002296 0.92387949999999996464 
-0.38529904999999997628 -0.38529904999999997628 0.81549314999999999998 
-0.42677670000000000883 -0.32322329999999999117 0.81549314999999999998 
-0.75341744999999993304 -0.31207574999999998511 0.54489509999999996559 
-0.88871644999999999115 -0.36811840000000001227 0.19134170000000000345 
-0.50374971449999994544 -0.00095874999999999997 -0.01982510499999999912 
-0.96193974999999998232 -0.19134170000000000345 0.00000000000000000000 
-0.96193974999999998232 0.00000000000000000000 -0.19134170000000000345 
-0.19134170000000000345 0.00000000000000000000 0.96193974999999998232 
-0.30683019999999999738 0.04723245999999999695 0.69980459999999999887 
-0.36811840000000001227 -0.07322330000000000505 0.92387949999999996464 
-0.53033010000000002648 -0.07322330000000000505 0.81549314999999999998 
-0.68019414999999994187 -0.13529905000000000403 0.70710680000000003531 
0.19134170000000000345 0.00000000000000000000 0.96193974999999998232 
0.27603020000000000334 0.08879610000000000281 0.70441860000000000586 
0.36811840000000001227 0.07322330000000000505 0.92387949999999996464 
-0.88871644999999999115 0.17677670000000000883 0.38268340000000000689 
-0.46568946449999998327 0.19038294999999999524 -0.01982510499999999912 
-0.17677670000000000883 0.07322330000000000505 0.96193974999999998232 
-0.29226520000000000277 0.12045575999999999506 0.69980459999999999887 
-0.36811840000000001227 0.07322330000000000505 0.92387949999999996464 
-0.54489509999999996559 0.00000000000000000000 0.81549314999999999998 
-0.53033010000000002648 0.07322330000000000505 0.81549314999999999998 
-0.44212924999999997366 0.18253151000000000792 0.59141825000000003421 
-0.68019414999999994187 0.13529905000000000403 0.70710680000000003531 
-0.50341744999999993304 0.20852235000000002296 0.81549314999999999998 
-0.92387949999999996464 0.19134170000000000345 -0.19134170000000000345 
-0.75341744999999993304 0.31207574999999998511 0.54489509999999996559 
-0.57664074999999992421 0.38529904999999997628 0.70710680000000003531 
-0.67677670000000000883 0.42677670000000000883 0.54489509999999996559 
-0.53033010000000002648 0.78033010000000002648 0.19134170000000000345 
-0.13529905000000000403 0.13529905000000000403 0.96193974999999998232 
-0.25078754999999997022 0.18253151000000000792 0.69980459999999999887 
-0.31207574999999998511 0.20852235000000002296 0.92387949999999996464 
-0.86628154999999995578 0.41484779999999998878 -0.19118774999999998965 
-0.78033010000000002648 0.17677670000000000883 0.54489509999999996559 
-0.17677670000000000883 -0.88871644999999999115 0.38268340000000000689 
-0.38529904999999997628 0.38529904999999997628 0.81549314999999999998 
-0.42677670000000000883 0.32322329999999999117 0.81549314999999999998 
-0.20852235000000002296 0.31207574999999998511 0.92387949999999996464 
-0.32322329999999999117 0.42677670000000000883 0.81549314999999999998 
0.00000000000000000000 -0.54489509999999996559 0.81549314999999999998 
-0.00295085099999999999 -0.31319849999999999079 0.70762569999999991310 
-0.07322330000000000505 -0.36811840000000001227 0.92387949999999996464 
-0.19134170000000000345 0.96193974999999998232 0.00000000000000000000 
-0.36811840000000001227 0.88871644999999999115 0.19134170000000000345 
-0.54489509999999996559 0.81549314999999999998 0.00000000000000000000 
-0.25078754999999997022 0.37387320999999995585 0.59141825000000003421 
-0.38529904999999997628 0.57664074999999992421 0.70710680000000003531 
0.96193974999999998232 -0.19134170000000000345 0.00000000000000000000 
0.92387949999999996464 -0.19134170000000000345 -0.19134170000000000345 
-0.20852235000000002296 0.50341744999999993304 0.81549314999999999998 
-0.07322330000000000505 0.53033010000000002648 0.81549314999999999998 
0.00000000000000000000 0.54489509999999996559 0.81549314999999999998 
0.07322330000000000505 0.36811840000000001227 0.92387949999999996464 
0.96193974999999998232 0.00000000000000000000 0.19134170000000000345 
0.92677670000000000883 0.17677670000000000883 0.19134170000000000345 
0.00000000000000000000 -0.19134170000000000345 0.96193974999999998232 
0.92677670000000000883 -0.17677670000000000883 0.19134170000000000345 
0.36811840000000001227 -0.07322330000000000505 0.92387949999999996464 
0.54489509999999996559 0.00000000000000000000 0.81549314999999999998 
0.86628154999999995578 0.22350610000000001309 -0.38252944999999999309 
0.88871644999999999115 -0.36811840000000001227 0.19134170000000000345 
0.53033010000000002648 -0.78033010000000002648 0.19134170000000000345 
0.20852235000000002296 -0.31207574999999998511 0.92387949999999996464 
0.32322329999999999117 -0.42677670000000000883 0.81549314999999999998 
0.13529905000000000403 -0.13529905000000000403 0.96193974999999998232 
0.07322330000000000505 -0.17677670000000000883 0.96193974999999998232 
0.00000000000000000000 -0.81549314999999999998 -0.54489509999999996559 
-0.57664074999999992421 -0.38529904999999997628 0.70710680000000003531 
-0.19134170000000000345 0.19134170000000000345 -0.92387949999999996464 
0.17677670000000000883 -0.78033010000000002648 0.54489509999999996559 
0.07322330000000000505 -0.36811840000000001227 0.92387949999999996464 
0.00000000000000000000 -0.81549314999999999998 0.54489509999999996559 
99 104 106 108 
104 6 105 109 
106 105 97 107 
108 109 107 7 
104 107 108 109 
104 107 109 105 
104 107 105 106 
104 107 106 108 
99 104 111 113 
104 6 110 114 
111 110 5 112 
113 114 112 100 
104 112 113 114 
104 112 114 110 
104 112 110 111 
104 112 111 113 
12 115 117 119 
115 15 116 120 
117 116 13 118 
119 120 118 101 
115 118 119 120 
115 118 120 116 
115 118 116 117 
115 118 117 119 
72 121 123 125 
121 52 122 126 
123 122 53 124 
125 126 124 100 
121 124 125 126 
121 124 126 122 
121 124 122 123 
121 124 123 125 
15 127 129 131 
127 102 128 132 
129 128 50 130 
131 132 130 99 
127 130 131 132 
127 130 132 128 
127 130 128 129 
127 130 129 131 
101 133 135 137 
133 39 134 138 
135 134 11 136 
137 138 136 4 
133 136 137 138 
133 136 138 134 
133 136 134 135 
133 136 135 137 
102 139 141 143 
139 24 140 144 
141 140 1 142 
143 144 142 56 
139 142 143 144 
139 142 144 140 
139 142 140 141 
139 142 141 143 
50 128 146 130 
128 102 145 132 
146 145 59 147 
130 132 147 99 
128 147 130 132 
128 147 132 145 
128 147 145 146 
128 147 146 130 
88 148 150 152 
148 83 149 153 
150 149 82 151 
152 153 151 100 
148 151 152 153 
148 151 153 149 
148 151 149 150 
148 151 150 152 
52 154 126 156 
154 102 155 132 
126 155 100 113 
156 132 113 99 
154 113 156 132 
154 113 132 155 
154 113 155 126 
154 113 126 156 
99 157 159 104 
157 17 158 161 
159 158 14 160 
104 161 160 6 
157 160 104 161 
157 160 161 158 
157 160 158 159 
157 160 159 104 
93 162 163 164 
162 99 156 113 
163 156 52 126 
164 113 126 100 
162 126 164 113 
162 126 113 156 
162 126 156 163 
162 126 163 164 
101 133 166 168 
133 39 165 169 
166 165 38 167 
168 169 167 100 
133 167 168 169 
133 167 169 165 
133 167 165 166 
133 167 166 168 
99 170 132 113 
170 101 171 168 
132 171 102 155 
113 168 155 100 
170 155 113 168 
170 155 168 171 
170 155 171 132 
170 155 132 113 
45 172 174 176 
172 42 173 177 
174 173 44 175 
176 177 175 101 
172 175 176 177 
172 175 177 173 
172 175 173 174 
172 175 174 176 
99 170 111 180 
170 101 178 135 
111 178 5 179 
180 135 179 11 
170 179 180 135 
170 179 135 178 
170 179 178 111 
170 179 111 180 
101 133 178 135 
133 39 181 134 
178 181 5 179 
135 134 179 11 
133 179 135 134 
133 179 134 181 
133 179 181 178 
133 179 178 135 
42 177 183 185 
177 101 182 168 
183 182 37 184 
185 168 184 100 
177 184 185 168 
177 184 168 182 
177 184 182 183 
177 184 183 185 
99 159 187 180 
159 14 186 189 
187 186 13 188 
180 189 188 11 
159 188 180 189 
159 188 189 186 
159 188 186 187 
159 188 187 180 
10 190 191 192 
190 101 118 135 
191 118 13 188 
192 135 188 11 
190 188 192 135 
190 188 135 118 
190 188 118 191 
190 188 191 192 
99 157 187 159 
157 17 193 158 
187 193 13 186 
159 158 186 14 
157 186 159 158 
157 186 158 193 
157 186 193 187 
157 186 187 159 
102 194 196 198 
194 55 195 199 
196 195 65 197 
198 199 197 54 
194 197 198 199 
194 197 199 195 
194 197 195 196 
194 197 196 198 
102 200 198 196 
200 53 201 202 
198 201 54 197 
196 202 197 65 
200 197 196 202 
200 197 202 201 
200 197 201 198 
200 197 198 196 
102 203 205 207 
203 26 204 208 
205 204 18 206 
207 208 206 19 
203 206 207 208 
203 206 208 204 
203 206 204 205 
203 206 205 207 
101 171 168 210 
171 102 155 211 
168 155 100 209 
210 211 209 103 
171 209 210 211 
171 209 211 155 
171 209 155 168 
171 209 168 210 
102 200 145 154 
200 53 212 122 
145 212 59 213 
154 122 213 52 
200 213 154 122 
200 213 122 212 
200 213 212 145 
200 213 145 154 
53 122 200 124 
122 52 154 126 
200 154 102 155 
124 126 155 100 
122 155 124 126 
122 155 126 154 
122 155 154 200 
122 155 200 124 
99 214 130 157 
214 51 215 217 
130 215 50 216 
157 217 216 17 
214 216 157 217 
214 216 217 215 
214 216 215 130 
214 216 130 157 
55 194 218 220 
194 102 203 155 
218 203 26 219 
220 155 219 100 
194 219 220 155 
194 219 155 203 
194 219 203 218 
194 219 218 220 
99 147 130 214 
147 59 146 221 
130 146 50 215 
214 221 215 51 
147 215 214 221 
147 215 221 146 
147 215 146 130 
147 215 130 214 
99 222 130 131 
222 16 223 224 
130 223 50 129 
131 224 129 15 
222 129 131 224 
222 129 224 223 
222 129 223 130 
222 129 130 131 
99 222 131 187 
222 16 224 225 
131 224 15 116 
187 225 116 13 
222 116 187 225 
222 116 225 224 
222 116 224 131 
222 116 131 187 
101 171 210 227 
171 102 211 141 
210 211 103 226 
227 141 226 1 
171 226 227 141 
171 226 141 211 
171 226 211 210 
171 226 210 227 
99 170 131 132 
170 101 120 171 
131 120 15 127 
132 171 127 102 
170 127 132 171 
170 127 171 120 
170 127 120 131 
170 127 131 132 
99 130 222 157 
130 50 223 216 
222 223 16 228 
157 216 228 17 
130 228 157 216 
130 228 216 223 
130 228 223 222 
130 228 222 157 
19 229 230 207 
229 55 195 194 
230 195 65 196 
207 194 196 102 
229 196 207 194 
229 196 194 195 
229 196 195 230 
229 196 230 207 
102 231 233 235 
231 58 232 236 
233 232 61 234 
235 236 234 57 
231 234 235 236 
231 234 236 232 
231 234 232 233 
231 234 233 235 
71 237 239 241 
237 80 238 242 
239 238 100 240 
241 242 240 70 
237 240 241 242 
237 240 242 238 
237 240 238 239 
237 240 239 241 
101 243 190 246 
243 3 244 247 
190 244 10 245 
246 247 245 9 
243 245 246 247 
243 245 247 244 
243 245 244 190 
243 245 190 246 
103 248 250 252 
248 21 249 253 
250 249 22 251 
252 253 251 32 
248 251 252 253 
248 251 253 249 
248 251 249 250 
248 251 250 252 
103 254 211 209 
254 26 203 219 
211 203 102 155 
209 219 155 100 
254 155 209 219 
254 155 219 203 
254 155 203 211 
254 155 211 209 
102 196 205 257 
196 65 255 258 
205 255 18 256 
257 258 256 64 
196 256 257 258 
196 256 258 255 
196 256 255 205 
196 256 205 257 
102 233 257 261 
233 61 259 262 
257 259 64 260 
261 262 260 63 
233 260 261 262 
233 260 262 259 
233 260 259 257 
233 260 257 261 
103 263 252 250 
263 35 264 265 
252 264 32 251 
250 265 251 22 
263 251 250 265 
263 251 265 264 
263 251 264 252 
263 251 252 250 
103 209 210 266 
209 100 168 185 
210 168 101 177 
266 185 177 42 
209 177 266 185 
209 177 185 168 
209 177 168 210 
209 177 210 266 
101 267 269 175 
267 48 268 271 
269 268 47 270 
175 271 270 44 
267 270 175 271 
267 270 271 268 
267 270 268 269 
267 270 269 175 
101 272 210 275 
272 40 273 276 
210 273 103 274 
275 276 274 41 
272 274 275 276 
272 274 276 273 
272 274 273 210 
272 274 210 275 
103 248 252 278 
248 21 253 279 
252 253 32 277 
278 279 277 29 
248 277 278 279 
248 277 279 253 
248 277 253 252 
248 277 252 278 
103 278 281 254 
278 29 280 283 
281 280 28 282 
254 283 282 26 
278 282 254 283 
278 282 283 280 
278 282 280 281 
278 282 281 254 
103 263 266 286 
263 35 284 287 
266 284 42 285 
286 287 285 23 
263 285 286 287 
263 285 287 284 
263 285 284 266 
263 285 266 286 
103 286 266 289 
286 23 285 290 
266 285 42 288 
289 290 288 34 
286 288 289 290 
286 288 290 285 
286 288 285 266 
286 288 266 289 
92 291 292 293 
291 71 239 294 
292 239 100 125 
293 294 125 72 
291 125 293 294 
291 125 294 239 
291 125 239 292 
291 125 292 293 
98 295 297 299 
295 96 296 300 
297 296 91 298 
299 300 298 100 
295 298 299 300 
295 298 300 296 
295 298 296 297 
295 298 297 299 
98 299 302 295 
299 100 301 300 
302 301 97 303 
295 300 303 96 
299 303 295 300 
299 303 300 301 
299 303 301 302 
299 303 302 295 
92 292 304 306 
292 100 301 164 
304 301 97 305 
306 164 305 93 
292 305 306 164 
292 305 164 301 
292 305 301 304 
292 305 304 306 
98 307 302 299 
307 6 105 114 
302 105 97 301 
299 114 301 100 
307 301 299 114 
307 301 114 105 
307 301 105 302 
307 301 302 299 
96 300 309 296 
300 100 308 298 
309 308 73 310 
296 298 310 91 
300 310 296 298 
300 310 298 308 
300 310 308 309 
300 310 309 296 
89 311 313 314 
311 88 312 152 
313 312 80 238 
314 152 238 100 
311 238 314 152 
311 238 152 312 
311 238 312 313 
311 238 313 314 
89 311 314 316 
311 88 152 317 
314 152 100 315 
316 317 315 87 
311 315 316 317 
311 315 317 152 
311 315 152 314 
311 315 314 316 
88 152 317 148 
152 100 315 153 
317 315 87 318 
148 153 318 83 
152 318 148 153 
152 318 153 315 
152 318 315 317 
152 318 317 148 
89 314 320 322 
314 100 319 323 
320 319 79 321 
322 323 321 20 
314 321 322 323 
314 321 323 319 
314 321 319 320 
314 321 320 322 
83 324 326 153 
324 78 325 328 
326 325 77 327 
153 328 327 100 
324 327 153 328 
324 327 328 325 
324 327 325 326 
324 327 326 153 
82 329 151 330 
329 73 308 331 
151 308 100 327 
330 331 327 77 
329 327 330 331 
329 327 331 308 
329 327 308 151 
329 327 151 330 
88 332 312 152 
332 67 333 334 
312 333 80 238 
152 334 238 100 
332 238 152 334 
332 238 334 333 
332 238 333 312 
332 238 312 152 
96 335 309 300 
335 66 336 337 
309 336 73 308 
300 337 308 100 
335 308 300 337 
335 308 337 336 
335 308 336 309 
335 308 309 300 
73 310 308 331 
310 91 298 338 
308 298 100 327 
331 338 327 77 
310 327 331 338 
310 327 338 298 
310 327 298 308 
310 327 308 331 
78 325 328 340 
325 77 327 341 
328 327 100 339 
340 341 339 76 
325 339 340 341 
325 339 341 327 
325 339 327 328 
325 339 328 340 
83 153 343 324 
153 100 342 328 
343 342 84 344 
324 328 344 78 
153 344 324 328 
153 344 328 342 
153 344 342 343 
153 344 343 324 
90 345 347 348 
345 76 346 339 
347 346 38 167 
348 339 167 100 
345 167 348 339 
345 167 339 346 
345 167 346 347 
345 167 347 348 
78 340 328 349 
340 76 339 350 
328 339 100 184 
349 350 184 37 
340 184 349 350 
340 184 350 339 
340 184 339 328 
340 184 328 349 
91 351 298 338 
351 76 339 341 
298 339 100 327 
338 341 327 77 
351 327 338 341 
351 327 341 339 
351 327 339 298 
351 327 298 338 
78 349 328 353 
349 37 184 354 
328 184 100 352 
353 354 352 36 
349 352 353 354 
349 352 354 184 
349 352 184 328 
349 352 328 353 
92 355 292 291 
355 66 337 356 
292 337 100 239 
291 356 239 71 
355 239 291 356 
355 239 356 337 
355 239 337 292 
355 239 292 291 
73 357 308 336 
357 81 358 359 
308 358 100 337 
336 359 337 66 
357 337 336 359 
357 337 359 358 
357 337 358 308 
357 337 308 336 
76 350 346 339 
350 37 360 184 
346 360 38 167 
339 184 167 100 
350 167 339 184 
350 167 184 360 
350 167 360 346 
350 167 346 339 
81 358 359 362 
358 100 337 334 
359 337 66 361 
362 334 361 67 
358 361 362 334 
358 361 334 337 
358 361 337 359 
358 361 359 362 
71 356 239 363 
356 66 337 361 
239 337 100 334 
363 361 334 67 
356 334 363 361 
356 334 361 337 
356 334 337 239 
356 334 239 363 
92 364 292 355 
364 96 300 335 
292 300 100 337 
355 335 337 66 
364 337 355 335 
364 337 335 300 
364 337 300 292 
364 337 292 355 
82 151 329 365 
151 100 308 358 
329 308 73 357 
365 358 357 81 
151 357 365 358 
151 357 358 308 
151 357 308 329 
151 357 329 365 
90 366 348 367 
366 5 112 181 
348 112 100 169 
367 181 169 39 
366 169 367 181 
366 169 181 112 
366 169 112 348 
366 169 348 367 
71 294 241 239 
294 72 368 125 
241 368 70 240 
239 125 240 100 
294 240 239 125 
294 240 125 368 
294 240 368 241 
294 240 241 239 
98 369 370 299 
369 90 366 348 
370 366 5 112 
299 348 112 100 
369 112 299 348 
369 112 348 366 
369 112 366 370 
369 112 370 299 
72 368 125 123 
368 70 240 371 
125 240 100 124 
123 371 124 53 
368 124 123 371 
368 124 371 240 
368 124 240 125 
368 124 125 123 
89 320 314 313 
320 79 319 372 
314 319 100 238 
313 372 238 80 
320 238 313 372 
320 238 372 319 
320 238 319 314 
320 238 314 313 
79 373 375 319 
373 70 374 240 
375 374 54 376 
319 240 376 100 
373 376 319 240 
373 376 240 374 
373 376 374 375 
373 376 375 319 
79 372 373 319 
372 80 242 238 
373 242 70 240 
319 238 240 100 
372 240 319 238 
372 240 238 242 
372 240 242 373 
372 240 373 319 
87 315 377 318 
315 100 342 153 
377 342 84 343 
318 153 343 83 
315 343 318 153 
315 343 153 342 
315 343 342 377 
315 343 377 318 
89 316 314 379 
316 87 315 380 
314 315 100 378 
379 380 378 21 
316 378 379 380 
316 378 380 315 
316 378 315 314 
316 378 314 379 
8 381 382 383 
381 93 162 163 
382 162 99 156 
383 163 156 52 
381 156 383 163 
381 156 163 162 
381 156 162 382 
381 156 382 383 
70 371 374 240 
371 53 201 124 
374 201 54 376 
240 124 376 100 
371 376 240 124 
371 376 124 201 
371 376 201 374 
371 376 374 240 
102 155 198 200 
155 100 376 124 
198 376 54 201 
200 124 201 53 
155 201 200 124 
155 201 124 376 
155 201 376 198 
155 201 198 200 
54 376 198 199 
376 100 155 220 
198 155 102 194 
199 220 194 55 
376 194 199 220 
376 194 220 155 
376 194 155 198 
376 194 198 199 
25 384 385 386 
384 26 204 203 
385 204 18 205 
386 203 205 102 
384 205 386 203 
384 205 203 204 
384 205 204 385 
384 205 385 386 
102 211 141 139 
211 103 226 387 
141 226 1 140 
139 387 140 24 
211 140 139 387 
211 140 387 226 
211 140 226 141 
211 140 141 139 
102 261 389 233 
261 63 388 262 
389 388 60 390 
233 262 390 61 
261 390 233 262 
261 390 262 388 
261 390 388 389 
261 390 389 233 
102 261 141 389 
261 63 391 388 
141 391 1 392 
389 388 392 60 
261 392 389 388 
261 392 388 391 
261 392 391 141 
261 392 141 389 
102 196 233 395 
196 65 393 396 
233 393 61 394 
395 396 394 62 
196 394 395 396 
196 394 396 393 
196 394 393 233 
196 394 233 395 
102 395 145 200 
395 62 397 398 
145 397 59 212 
200 398 212 53 
395 212 200 398 
395 212 398 397 
395 212 397 145 
395 212 145 200 
102 395 233 145 
395 62 394 397 
233 394 61 399 
145 397 399 59 
395 399 145 397 
395 399 397 394 
395 399 394 233 
395 399 233 145 
79 400 319 375 
400 55 220 199 
319 220 100 376 
375 199 376 54 
400 376 375 199 
400 376 199 220 
400 376 220 319 
400 376 319 375 
102 261 257 205 
261 63 260 401 
257 260 64 256 
205 401 256 18 
261 256 205 401 
261 256 401 260 
261 256 260 257 
261 256 257 205 
102 389 141 235 
389 60 392 403 
141 392 1 402 
235 403 402 57 
389 402 235 403 
389 402 403 392 
389 402 392 141 
389 402 141 235 
102 200 196 395 
200 53 202 398 
196 202 65 396 
395 398 396 62 
200 396 395 398 
200 396 398 202 
200 396 202 196 
200 396 196 395 
58 404 231 405 
404 50 128 146 
231 128 102 145 
405 146 145 59 
404 145 405 146 
404 145 146 128 
404 145 128 231 
404 145 231 405 
71 363 239 237 
363 67 334 333 
239 334 100 238 
237 333 238 80 
363 238 237 333 
363 238 333 334 
363 238 334 239 
363 238 239 237 
101 118 135 170 
118 13 188 187 
135 188 11 180 
170 187 180 99 
118 180 170 187 
118 180 187 188 
118 180 188 135 
118 180 135 170 
102 233 231 145 
233 61 232 399 
231 232 58 405 
145 399 405 59 
233 405 145 399 
233 405 399 232 
233 405 232 231 
233 405 231 145 
102 128 231 235 
128 50 404 406 
231 404 58 236 
235 406 236 57 
128 236 235 406 
128 236 406 404 
128 236 404 231 
128 236 231 235 
90 367 348 347 
367 39 169 165 
348 169 100 167 
347 165 167 38 
367 167 347 165 
367 167 165 169 
367 167 169 348 
367 167 348 347 
38 407 166 360 
407 48 267 408 
166 267 101 182 
360 408 182 37 
407 182 360 408 
407 182 408 267 
407 182 267 166 
407 182 166 360 
101 243 269 267 
243 3 409 410 
269 409 47 268 
267 410 268 48 
243 268 267 410 
243 268 410 409 
243 268 409 269 
243 268 269 267 
101 267 166 133 
267 48 407 411 
166 407 38 165 
133 411 165 39 
267 165 133 411 
267 165 411 407 
267 165 407 166 
267 165 166 133 
101 269 413 175 
269 47 412 270 
413 412 46 414 
175 270 414 44 
269 414 175 270 
269 414 270 412 
269 414 412 413 
269 414 413 175 
101 176 267 175 
176 45 415 174 
267 415 48 271 
175 174 271 44 
176 271 175 174 
176 271 174 415 
176 271 415 267 
176 271 267 175 
101 413 227 418 
413 46 416 419 
227 416 1 417 
418 419 417 43 
413 417 418 419 
413 417 419 416 
413 417 416 227 
413 417 227 418 
101 413 269 243 
413 46 412 420 
269 412 47 409 
243 420 409 3 
413 409 243 420 
413 409 420 412 
413 409 412 269 
413 409 269 243 
37 408 182 421 
408 48 267 415 
182 267 101 176 
421 415 176 45 
408 176 421 415 
408 176 415 267 
408 176 267 182 
408 176 182 421 
45 172 176 421 
172 42 177 183 
176 177 101 182 
421 183 182 37 
172 182 421 183 
172 182 183 177 
172 182 177 176 
172 182 176 421 
101 171 227 120 
171 102 141 127 
227 141 1 422 
120 127 422 15 
171 422 120 127 
171 422 127 141 
171 422 141 227 
171 422 227 120 
78 344 353 328 
344 84 423 342 
353 423 36 352 
328 342 352 100 
344 352 328 342 
344 352 342 423 
344 352 423 353 
344 352 353 328 
101 418 227 272 
418 43 417 425 
227 417 1 424 
272 425 424 40 
418 424 272 425 
418 424 425 417 
418 424 417 227 
418 424 227 272 
101 175 418 272 
175 44 426 427 
418 426 43 425 
272 427 425 40 
175 425 272 427 
175 425 427 426 
175 425 426 418 
175 425 418 272 
41 274 275 428 
274 103 210 266 
275 210 101 177 
428 266 177 42 
274 177 428 266 
274 177 266 210 
274 177 210 275 
274 177 275 428 
37 354 183 184 
354 36 429 352 
183 429 42 185 
184 352 185 100 
354 185 184 352 
354 185 352 429 
354 185 429 183 
354 185 183 184 
36 429 352 431 
429 42 185 284 
352 185 100 430 
431 284 430 35 
429 430 431 284 
429 430 284 185 
429 430 185 352 
429 430 352 431 
36 423 431 352 
423 84 432 342 
431 432 35 430 
352 342 430 100 
423 430 352 342 
423 430 342 432 
423 430 432 431 
423 430 431 352 
101 413 418 175 
413 46 419 414 
418 419 43 426 
175 414 426 44 
413 426 175 414 
413 426 414 419 
413 426 419 418 
413 426 418 175 
99 106 113 162 
106 97 301 305 
113 301 100 164 
162 305 164 93 
106 164 162 305 
106 164 305 301 
106 164 301 113 
106 164 113 162 
103 273 226 434 
273 40 424 435 
226 424 1 433 
434 435 433 33 
273 433 434 435 
273 433 435 424 
273 433 424 226 
273 433 226 434 
103 274 273 289 
274 41 276 437 
273 276 40 436 
289 437 436 34 
274 436 289 437 
274 436 437 276 
274 436 276 273 
274 436 273 289 
102 235 141 439 
235 57 402 440 
141 402 1 438 
439 440 438 49 
235 438 439 440 
235 438 440 402 
235 438 402 141 
235 438 141 439 
103 263 286 252 
263 35 287 264 
286 287 23 441 
252 264 441 32 
263 441 252 264 
263 441 264 287 
263 441 287 286 
263 441 286 252 
83 326 149 153 
326 77 330 327 
149 330 82 151 
153 327 151 100 
326 151 153 327 
326 151 327 330 
326 151 330 149 
326 151 149 153 
103 263 250 209 
263 35 265 430 
250 265 22 442 
209 430 442 100 
263 442 209 430 
263 442 430 265 
263 442 265 250 
263 442 250 209 
103 434 226 444 
434 33 433 445 
226 433 1 443 
444 445 443 30 
434 443 444 445 
434 443 445 433 
434 443 433 226 
434 443 226 444 
103 289 434 444 
289 34 446 447 
434 446 33 445 
444 447 445 30 
289 445 444 447 
289 445 447 446 
289 445 446 434 
289 445 434 444 
103 448 289 444 
448 31 449 450 
289 449 34 447 
444 450 447 30 
448 447 444 450 
448 447 450 449 
448 447 449 289 
448 447 289 444 
35 430 432 265 
430 100 342 442 
432 342 84 451 
265 442 451 22 
430 451 265 442 
430 451 442 342 
430 451 342 432 
430 451 432 265 
103 209 250 248 
209 100 442 378 
250 442 22 249 
248 378 249 21 
209 249 248 378 
209 249 378 442 
209 249 442 250 
209 249 250 248 
103 252 448 281 
252 32 452 454 
448 452 31 453 
281 454 453 28 
252 453 281 454 
252 453 454 452 
252 453 452 448 
252 453 448 281 
21 248 455 279 
248 103 254 278 
455 254 26 283 
279 278 283 29 
248 283 279 278 
248 283 278 254 
248 283 254 455 
248 283 455 279 
103 273 434 289 
273 40 435 436 
434 435 33 446 
289 436 446 34 
273 446 289 436 
273 446 436 435 
273 446 435 434 
273 446 434 289 
100 209 430 185 
209 103 263 266 
430 263 35 284 
185 266 284 42 
209 284 185 266 
209 284 266 263 
209 284 263 430 
209 284 430 185 
103 252 281 278 
252 32 454 277 
281 454 28 280 
278 277 280 29 
252 280 278 277 
252 280 277 454 
252 280 454 281 
252 280 281 278 
103 444 226 457 
444 30 443 458 
226 443 1 456 
457 458 456 27 
444 456 457 458 
444 456 458 443 
444 456 443 226 
444 456 226 457 
87 380 459 315 
380 21 249 378 
459 249 22 442 
315 378 442 100 
380 442 315 378 
380 442 378 249 
380 442 249 459 
380 442 459 315 
100 378 209 219 
378 21 248 455 
209 248 103 254 
219 455 254 26 
378 254 219 455 
378 254 455 248 
378 254 248 209 
378 254 209 219 
103 289 448 252 
289 34 449 460 
448 449 31 452 
252 460 452 32 
289 452 252 460 
289 452 460 449 
289 452 449 448 
289 452 448 252 
101 267 133 137 
267 48 411 461 
133 411 39 138 
137 461 138 4 
267 138 137 461 
267 138 461 411 
267 138 411 133 
267 138 133 137 
103 444 457 281 
444 30 458 463 
457 458 27 462 
281 463 462 28 
444 462 281 463 
444 462 463 458 
444 462 458 457 
444 462 457 281 
103 281 457 387 
281 28 462 465 
457 462 27 464 
387 465 464 24 
281 464 387 465 
281 464 465 462 
281 464 462 457 
281 464 457 387 
103 457 226 387 
457 27 456 464 
226 456 1 140 
387 464 140 24 
457 140 387 464 
457 140 464 456 
457 140 456 226 
457 140 226 387 
101 413 243 467 
413 46 420 468 
243 420 3 466 
467 468 466 2 
413 466 467 468 
413 466 468 420 
413 466 420 243 
413 466 243 467 
87 315 459 377 
315 100 442 342 
459 442 22 451 
377 342 451 84 
315 451 377 342 
315 451 342 442 
315 451 442 459 
315 451 459 377 
79 400 321 319 
400 55 469 220 
321 469 20 323 
319 220 323 100 
400 323 319 220 
400 323 220 469 
400 323 469 321 
400 323 321 319 
20 323 469 470 
323 100 220 219 
469 220 55 218 
470 219 218 26 
323 218 470 219 
323 218 219 220 
323 218 220 469 
323 218 469 470 
19 229 207 208 
229 55 194 218 
207 194 102 203 
208 218 203 26 
229 203 208 218 
229 203 218 194 
229 203 194 207 
229 203 207 208 
89 322 379 314 
322 20 471 323 
379 471 21 378 
314 323 378 100 
322 378 314 323 
322 378 323 471 
322 378 471 379 
322 378 379 314 
102 196 207 205 
196 65 230 255 
207 230 19 206 
205 255 206 18 
196 206 205 255 
196 206 255 230 
196 206 230 207 
196 206 207 205 
99 132 147 156 
132 102 145 154 
147 145 59 213 
156 154 213 52 
132 213 156 154 
132 213 154 145 
132 213 145 147 
132 213 147 156 
26 254 203 384 
254 103 211 472 
203 211 102 386 
384 472 386 25 
254 386 384 472 
254 386 472 211 
254 386 211 203 
254 386 203 384 
103 281 472 254 
281 28 473 282 
472 473 25 384 
254 282 384 26 
281 384 254 282 
281 384 282 473 
281 384 473 472 
281 384 472 254 
99 162 382 108 
162 93 381 475 
382 381 8 474 
108 475 474 7 
162 474 108 475 
162 474 475 381 
162 474 381 382 
162 474 382 108 
102 205 386 139 
205 18 385 477 
386 385 25 476 
139 477 476 24 
205 476 139 477 
205 476 477 385 
205 476 385 386 
205 476 386 139 
102 196 257 233 
196 65 258 393 
257 258 64 259 
233 393 259 61 
196 259 233 393 
196 259 393 258 
196 259 258 257 
196 259 257 233 
102 389 235 233 
389 60 403 390 
235 403 57 234 
233 390 234 61 
389 234 233 390 
389 234 390 403 
389 234 403 235 
389 234 235 233 
103 281 387 472 
281 28 465 473 
387 465 24 476 
472 473 476 25 
281 476 472 473 
281 476 473 465 
281 476 465 387 
281 476 387 472 
102 261 205 143 
261 63 401 479 
205 401 18 478 
143 479 478 56 
261 478 143 479 
261 478 479 401 
261 478 401 205 
261 478 205 143 
99 147 214 382 
147 59 221 481 
214 221 51 480 
382 481 480 8 
147 480 382 481 
147 480 481 221 
147 480 221 214 
147 480 214 382 
101 413 467 227 
413 46 468 416 
467 468 2 482 
227 416 482 1 
413 482 227 416 
413 482 416 468 
413 482 468 467 
413 482 467 227 
103 448 444 281 
448 31 450 453 
444 450 30 463 
281 453 463 28 
448 463 281 453 
448 463 453 450 
448 463 450 444 
448 463 444 281 
39 133 181 169 
133 101 178 168 
181 178 5 112 
169 168 112 100 
133 112 169 168 
133 112 168 178 
133 112 178 181 
133 112 181 169 
99 382 214 157 
382 8 480 483 
214 480 51 217 
157 483 217 17 
382 217 157 483 
382 217 483 480 
382 217 480 214 
382 217 214 157 
49 484 439 485 
484 15 127 129 
439 127 102 128 
485 129 128 50 
484 128 485 129 
484 128 129 127 
484 128 127 439 
484 128 439 485 
93 486 164 163 
486 72 125 121 
164 125 100 126 
163 121 126 52 
486 126 163 121 
486 126 121 125 
486 126 125 164 
486 126 164 163 
99 157 222 187 
157 17 228 193 
222 228 16 225 
187 193 225 13 
157 225 187 193 
157 225 193 228 
157 225 228 222 
157 225 222 187 
102 235 439 128 
235 57 440 406 
439 440 49 485 
128 406 485 50 
235 485 128 406 
235 485 406 440 
235 485 440 439 
235 485 439 128 
92 293 292 306 
293 72 125 486 
292 125 100 164 
306 486 164 93 
293 164 306 486 
293 164 486 125 
293 164 125 292 
293 164 292 306 
99 108 382 157 
108 7 474 487 
382 474 8 483 
157 487 483 17 
108 483 157 487 
108 483 487 474 
108 483 474 382 
108 483 382 157 
101 210 272 227 
210 103 273 226 
272 273 40 424 
227 226 424 1 
210 424 227 226 
210 424 226 273 
210 424 273 272 
210 424 272 227 
102 439 141 127 
439 49 438 484 
141 438 1 422 
127 484 422 15 
439 422 127 484 
439 422 484 438 
439 422 438 141 
439 422 141 127 
101 182 168 166 
182 37 184 360 
168 184 100 167 
166 360 167 38 
182 167 166 360 
182 167 360 184 
182 167 184 168 
182 167 168 166 
99 104 159 180 
104 6 160 488 
159 160 14 189 
180 488 189 11 
104 189 180 488 
104 189 488 160 
104 189 160 159 
104 189 159 180 
101 178 168 170 
178 5 112 111 
168 112 100 113 
170 111 113 99 
178 113 170 111 
178 113 111 112 
178 113 112 168 
178 113 168 170 
102 261 143 141 
261 63 479 391 
143 479 56 142 
141 391 142 1 
261 142 141 391 
261 142 391 479 
261 142 479 143 
261 142 143 141 
15 116 120 131 
116 13 118 187 
120 118 101 170 
131 187 170 99 
116 170 131 187 
116 170 187 118 
116 170 118 120 
116 170 120 131 
101 119 246 118 
119 12 489 117 
246 489 9 490 
118 117 490 13 
119 490 118 117 
119 490 117 489 
119 490 489 246 
119 490 246 118 
101 246 119 227 
246 9 489 492 
119 489 12 491 
227 492 491 1 
246 491 227 492 
246 491 492 489 
246 491 489 119 
246 491 119 227 
99 106 162 108 
106 97 305 107 
162 305 93 475 
108 107 475 7 
106 475 108 107 
106 475 107 305 
106 475 305 162 
106 475 162 108 
90 345 348 493 
345 76 339 351 
348 339 100 298 
493 351 298 91 
345 298 493 351 
345 298 351 339 
345 298 339 348 
345 298 348 493 
101 275 175 272 
275 41 494 276 
175 494 44 427 
272 276 427 40 
275 427 272 276 
275 427 276 494 
275 427 494 175 
275 427 175 272 
98 369 299 297 
369 90 348 493 
299 348 100 298 
297 493 298 91 
369 298 297 493 
369 298 493 348 
369 298 348 299 
369 298 299 297 
88 152 150 332 
152 100 151 334 
150 151 82 495 
332 334 495 67 
152 495 332 334 
152 495 334 151 
152 495 151 150 
152 495 150 332 
101 135 190 243 
135 11 192 496 
190 192 10 244 
243 496 244 3 
135 244 243 496 
135 244 496 192 
135 244 192 190 
135 244 190 243 
101 177 175 275 
177 42 173 428 
175 173 44 494 
275 428 494 41 
177 494 275 428 
177 494 428 173 
177 494 173 175 
177 494 175 275 
101 120 227 119 
120 15 422 115 
227 422 1 491 
119 115 491 12 
120 491 119 115 
120 491 115 422 
120 491 422 227 
120 491 227 119 
101 246 227 467 
246 9 492 497 
227 492 1 482 
467 497 482 2 
246 482 467 497 
246 482 497 492 
246 482 492 227 
246 482 227 467 
101 135 243 137 
135 11 496 136 
243 496 3 498 
137 136 498 4 
135 498 137 136 
135 498 136 496 
135 498 496 243 
135 498 243 137 
103 266 274 289 
266 42 428 288 
274 428 41 437 
289 288 437 34 
266 437 289 288 
266 437 288 428 
266 437 428 274 
266 437 274 289 
102 211 139 386 
211 103 387 472 
139 387 24 476 
386 472 476 25 
211 476 386 472 
211 476 472 387 
211 476 387 139 
211 476 139 386 
102 205 139 143 
205 18 477 478 
139 477 24 144 
143 478 144 56 
205 144 143 478 
205 144 478 477 
205 144 477 139 
205 144 139 143 
99 113 106 104 
113 100 301 114 
106 301 97 105 
104 114 105 6 
113 105 104 114 
113 105 114 301 
113 105 301 106 
113 105 106 104 
99 111 104 180 
111 5 110 179 
104 110 6 488 
180 179 488 11 
111 488 180 179 
111 488 179 110 
111 488 110 104 
111 488 104 180 
99 104 108 157 
104 6 109 161 
108 109 7 487 
157 161 487 17 
104 487 157 161 
104 487 161 109 
104 487 109 108 
104 487 108 157 
92 304 292 364 
304 97 301 303 
292 301 100 300 
364 303 300 96 
304 300 364 303 
304 300 303 301 
304 300 301 292 
304 300 292 364 
101 190 118 246 
190 10 191 245 
118 191 13 490 
246 245 490 9 
190 490 246 245 
190 490 245 191 
190 490 191 118 
190 490 118 246 
82 495 151 365 
495 67 334 362 
151 334 100 358 
365 362 358 81 
495 358 365 362 
495 358 362 334 
495 358 334 151 
495 358 151 365 
103 286 289 252 
286 23 290 441 
289 290 34 460 
252 441 460 32 
286 460 252 441 
286 460 441 290 
286 460 290 289 
286 460 289 252 
98 307 299 370 
307 6 114 110 
299 114 100 112 
370 110 112 5 
307 112 370 110 
307 112 110 114 
307 112 114 299 
307 112 299 370 
101 243 267 137 
243 3 410 498 
267 410 48 461 
137 498 461 4 
243 461 137 498 
243 461 498 410 
243 461 410 267 
243 461 267 137 
21 378 471 455 
378 100 323 219 
471 323 20 470 
455 219 470 26 
378 470 455 219 
378 470 219 323 
378 470 323 471 
378 470 471 455 
101 243 246 467 
243 3 247 466 
246 247 9 497 
467 466 497 2 
243 497 467 466 
243 497 466 247 
243 497 247 246 
243 497 246 467 
99 382 156 147 
382 8 383 481 
156 383 52 213 
147 481 213 59 
382 213 147 481 
382 213 481 383 
382 213 383 156 
382 213 156 147 
