DAT
305 960 0
0.00000000000000000000 0.00000000000000000000 1.00000000000000000000 
0.50000000000000000000 -0.86602539999999994524 0.00000000000000000000 
0.86602539999999994524 -0.50000000000000000000 0.00000000000000000000 
1.00000000000000000000 0.00000000000000000000 0.00000000000000000000 
0.86602539999999994524 0.00000000000000000000 0.50000000000000000000 
0.50000000000000000000 0.00000000000000000000 0.86602539999999994524 
0.25000000000000000000 -0.43301269999999997262 0.86602539999999994524 
0.43301269999999997262 -0.75000000000000000000 0.50000000000000000000 
0.43301269999999997262 -0.25000000000000000000 0.86602539999999994524 
0.75000000000000000000 -0.43301269999999997262 0.50000000000000000000 
0.00000000000000000000 1.00000000000000000000 0.00000000000000000000 
-0.50000000000000000000 0.86602539999999994524 0.00000000000000000000 
-0.86602539999999994524 0.50000000000000000000 0.00000000000000000000 
-1.00000000000000000000 0.00000000000000000000 0.00000000000000000000 
-0.50000000000000000000 0.00000000000000000000 0.86602539999999994524 
-0.25000000000000000000 0.43301269999999997262 0.86602539999999994524 
-0.43301269999999997262 0.75000000000000000000 0.50000000000000000000 
-0.43301269999999997262 0.25000000000000000000 0.86602539999999994524 
-0.75000000000000000000 0.43301269999999997262 0.50000000000000000000 
-0.86602539999999994524 0.00000000000000000000 0.50000000000000000000 
-0.86602539999999994524 -0.50000000000000000000 0.00000000000000000000 
-0.50000000000000000000 -0.86602539999999994524 0.00000000000000000000 
0.00000000000000000000 -1.00000000000000000000 0.00000000000000000000 
0.00000000000000000000 -0.86602539999999994524 0.50000000000000000000 
0.00000000000000000000 -0.50000000000000000000 0.86602539999999994524 
-0.43301269999999997262 -0.25000000000000000000 0.86602539999999994524 
-0.75000000000000000000 -0.43301269999999997262 0.50000000000000000000 
-0.25000000000000000000 -0.43301269999999997262 0.86602539999999994524 
-0.43301269999999997262 -0.75000000000000000000 0.50000000000000000000 
0.86602539999999994524 0.50000000000000000000 0.00000000000000000000 
0.50000000000000000000 0.86602539999999994524 0.00000000000000000000 
0.00000000000000000000 0.86602539999999994524 0.50000000000000000000 
0.00000000000000000000 0.50000000000000000000 0.86602539999999994524 
0.43301269999999997262 0.25000000000000000000 0.86602539999999994524 
0.75000000000000000000 0.43301269999999997262 0.50000000000000000000 
0.25000000000000000000 0.43301269999999997262 0.86602539999999994524 
0.43301269999999997262 0.75000000000000000000 0.50000000000000000000 
0.86602539999999994524 0.00000000000000000000 -0.50000000000000000000 
0.00000000000000000000 0.86602539999999994524 -0.50000000000000000000 
0.41619770000000000376 0.89253890000000002392 -0.17364820000000000255 
0.71984630000000005001 0.60402279999999997084 -0.34202009999999999357 
0.32139380000000000726 0.88302219999999997935 -0.34202009999999999357 
0.49240390000000000548 0.58682409999999995964 -0.64278760000000001451 
-0.50000000000000000000 0.00000000000000000000 -0.86602539999999994524 
0.00000000000000000000 -0.50000000000000000000 -0.86602539999999994524 
0.00000000000000000000 -0.86602539999999994524 -0.50000000000000000000 
-0.41619770000000000376 -0.89253890000000002392 -0.17364820000000000255 
-0.71984630000000005001 -0.60402279999999997084 -0.34202009999999999357 
-0.32139380000000000726 -0.88302219999999997935 -0.34202009999999999357 
-0.49240390000000000548 -0.58682409999999995964 -0.64278760000000001451 
0.00000000000000000000 0.50000000000000000000 -0.86602539999999994524 
-0.86602539999999994524 0.00000000000000000000 -0.50000000000000000000 
-0.89253890000000002392 0.41619770000000000376 -0.17364820000000000255 
-0.60402279999999997084 0.71984630000000005001 -0.34202009999999999357 
-0.88302219999999997935 0.32139380000000000726 -0.34202009999999999357 
-0.58682409999999995964 0.49240390000000000548 -0.64278760000000001451 
0.00000000000000000000 0.00000000000000000000 -1.00000000000000000000 
0.50000000000000000000 0.00000000000000000000 -0.86602539999999994524 
0.89253890000000002392 -0.41619770000000000376 -0.17364820000000000255 
0.60402279999999997084 -0.71984630000000005001 -0.34202009999999999357 
0.88302219999999997935 -0.32139380000000000726 -0.34202009999999999357 
0.58682409999999995964 -0.49240390000000000548 -0.64278760000000001451 
-0.00003236927000000000 -0.00003236927000000000 -0.00003236927000000000 
-0.29342823463500000702 0.24618576536500000329 -0.32140998463500003446 
-0.29341204999999997982 0.24620195000000000274 -0.82139380000000006277 
-0.00001618463500000000 -0.00001618463500000000 -0.50001618463499997169 
-0.25000000000000000000 0.00000000000000000000 -0.93301269999999991711 
-0.25001618463500002720 -0.00001618463500000000 -0.43302888463499999983 
-0.54341204999999992431 0.24620195000000000274 -0.75440649999999997988 
0.29341204999999997982 -0.24620195000000000274 -0.82139380000000006277 
0.29339586536499995262 -0.24621813463500000219 -0.32140998463500003446 
0.29341204999999997982 -0.49620195000000000274 -0.75440649999999997988 
-0.00001618463500000000 -0.25001618463500002720 -0.43302888463499999983 
0.00000000000000000000 -0.25000000000000000000 -0.93301269999999991711 
0.74828084999999999738 -0.56802200000000002689 -0.25783414999999998418 
0.73968149999999999178 -0.45430080000000000462 -0.40821790000000002241 
0.59542344999999996524 -0.60612510000000008326 -0.49240384999999997628 
0.30199521536499995822 -0.35993933463500005221 -0.17102623463499999623 
0.44625326536499998475 -0.20811503463500000133 -0.08684028463500000072 
-0.56802200000000002689 -0.74828084999999999738 -0.25783414999999998418 
-0.45430080000000000462 -0.73968149999999999178 -0.40821790000000002241 
-0.60612510000000008326 -0.59542344999999996524 -0.49240384999999997628 
-0.24621813463500000219 -0.29342823463500000702 -0.32140998463500003446 
-0.35993933463500005221 -0.30202758463500001263 -0.17102623463499999623 
-0.20811503463500000133 -0.44628563463500003916 -0.08684028463500000072 
-0.00001618463500000000 -0.43302888463499999983 -0.25001618463500002720 
0.29341204999999997982 -0.67921465000000003087 -0.57139380000000006277 
0.30201139999999998542 -0.79293584999999999763 -0.42101005000000002454 
0.88778055000000000163 -0.36879574999999997775 -0.25783414999999998418 
0.94626944999999995645 -0.20809885000000000188 -0.08682410000000000128 
0.94151110000000004518 -0.16069690000000000363 -0.17101004999999999678 
0.49998381536499997280 -0.00001618463500000000 -0.00001618463500000000 
0.44149491536499996247 -0.16071308463500000308 -0.17102623463499999623 
0.73492314999999996949 -0.40689885000000003412 -0.49240384999999997628 
0.55201140000000004093 -0.79293584999999999763 -0.17101004999999999678 
0.69626944999999995645 -0.64111154999999997450 -0.08682410000000000128 
0.24998381536500000055 -0.43302888463499999983 -0.00001618463500000000 
0.87452379999999996230 -0.16069690000000000363 -0.42101005000000002454 
0.72642474999999995244 -0.24620195000000000274 -0.57139380000000006277 
0.43299651536499994542 -0.00001618463500000000 -0.25001618463500002720 
0.93301269999999991711 0.00000000000000000000 -0.25000000000000000000 
-0.88778055000000000163 0.36879574999999997775 -0.25783414999999998418 
-0.94626944999999995645 0.20809885000000000188 -0.08682410000000000128 
-0.94151110000000004518 0.16069690000000000363 -0.17101004999999999678 
-0.50001618463499997169 -0.00001618463500000000 -0.00001618463500000000 
-0.44152728463500001688 0.16068071536500000418 -0.17102623463499999623 
-0.44628563463500003916 0.20808266536500000243 -0.08684028463500000072 
-0.73492314999999996949 0.40689885000000003412 -0.49240384999999997628 
-0.73968149999999999178 0.45430080000000000462 -0.40821790000000002241 
-0.29341204999999997982 0.67921465000000003087 -0.57139380000000006277 
-0.30201139999999998542 0.79293584999999999763 -0.42101005000000002454 
-0.59542344999999996524 0.60612510000000008326 -0.49240384999999997628 
-0.30202758463500001263 0.35990696536499999780 -0.17102623463499999623 
-0.00001618463500000000 0.43299651536499994542 -0.25001618463500002720 
-0.87452379999999996230 0.16069690000000000363 -0.42101005000000002454 
-0.72642474999999995244 0.24620195000000000274 -0.57139380000000006277 
-0.43302888463499999983 -0.00001618463500000000 -0.25001618463500002720 
-0.74828084999999999738 0.56802200000000002689 -0.25783414999999998418 
-0.25001618463500002720 0.43299651536499994542 -0.00001618463500000000 
-0.55201140000000004093 0.79293584999999999763 -0.17101004999999999678 
-0.69626944999999995645 0.64111154999999997450 -0.08682410000000000128 
0.00000000000000000000 -0.68301269999999991711 -0.68301269999999991711 
-0.24620195000000000274 -0.54341204999999992431 -0.75440649999999997988 
-0.24620195000000000274 -0.72642474999999995244 -0.57139380000000006277 
-0.16069690000000000363 -0.87452379999999996230 -0.42101005000000002454 
-0.16069690000000000363 -0.94151110000000004518 -0.17101004999999999678 
0.00000000000000000000 -0.93301269999999991711 -0.25000000000000000000 
-0.00001618463500000000 -0.50001618463499997169 -0.00001618463500000000 
-0.16071308463500000308 -0.44152728463500001688 -0.17102623463499999623 
-0.68301269999999991711 0.00000000000000000000 -0.68301269999999991711 
-0.49620195000000000274 -0.29341204999999997982 -0.75440649999999997988 
-0.67921465000000003087 -0.29341204999999997982 -0.57139380000000006277 
-0.21650634999999998631 0.80801269999999991711 0.50000000000000000000 
-0.12500000000000000000 0.64951904999999998669 0.68301269999999991711 
-0.34150634999999995856 0.59150634999999995856 0.68301269999999991711 
-0.12501618463499999945 0.21649016536499998686 0.43299651536499994542 
-0.21652253463499998576 0.37498381536499997280 0.24998381536500000055 
-0.00001618463500000000 0.43299651536499994542 0.24998381536500000055 
-0.40689885000000003412 -0.73492314999999996949 -0.49240384999999997628 
-0.79293584999999999763 -0.30201139999999998542 -0.42101005000000002454 
-0.24620195000000000274 -0.29341204999999997982 -0.82139380000000006277 
-0.86602539999999994524 -0.25000000000000000000 -0.25000000000000000000 
-0.79293584999999999763 -0.55201140000000004093 -0.17101004999999999678 
-0.43302888463499999983 -0.25001618463500002720 -0.00001618463500000000 
-0.36879574999999997775 -0.88778055000000000163 -0.25783414999999998418 
-0.64111154999999997450 -0.69626944999999995645 -0.08682410000000000128 
-0.20809885000000000188 -0.94626944999999995645 -0.08682410000000000128 
0.24618576536500000329 0.29339586536499995262 -0.32140998463500003446 
0.24620195000000000274 0.29341204999999997982 -0.82139380000000006277 
0.00000000000000000000 0.25000000000000000000 -0.93301269999999991711 
-0.00001618463500000000 0.24998381536500000055 -0.43302888463499999983 
0.24620195000000000274 0.54341204999999992431 -0.75440649999999997988 
-0.29341204999999997982 0.49620195000000000274 -0.75440649999999997988 
0.25000000000000000000 -0.86602539999999994524 -0.25000000000000000000 
0.49620195000000000274 0.29341204999999997982 -0.75440649999999997988 
0.25000000000000000000 0.00000000000000000000 -0.93301269999999991711 
0.24998381536500000055 -0.00001618463500000000 -0.43302888463499999983 
0.00000000000000000000 0.68301269999999991711 -0.68301269999999991711 
-0.68301269999999991711 -0.68301269999999991711 0.00000000000000000000 
-0.45809885000000000188 -0.87928214999999998458 -0.08682410000000000128 
-0.25001618463500002720 -0.43302888463499999983 -0.00001618463500000000 
-0.25000000000000000000 0.86602539999999994524 -0.25000000000000000000 
0.16068071536500000418 0.44149491536499996247 -0.17102623463499999623 
0.16069690000000000363 0.87452379999999996230 -0.42101005000000002454 
0.16069690000000000363 0.94151110000000004518 -0.17101004999999999678 
0.00000000000000000000 0.93301269999999991711 -0.25000000000000000000 
-0.00001618463500000000 0.49998381536499997280 -0.00001618463500000000 
0.24620195000000000274 0.72642474999999995244 -0.57139380000000006277 
0.40689885000000003412 0.73492314999999996949 -0.49240384999999997628 
0.45430080000000000462 0.73968149999999999178 -0.40821790000000002241 
0.36879574999999997775 0.88778055000000000163 -0.25783414999999998418 
0.20808266536500000243 0.44625326536499998475 -0.08684028463500000072 
-0.87928214999999998458 0.45809885000000000188 -0.08682410000000000128 
-0.43302888463499999983 0.24998381536500000055 -0.00001618463500000000 
-0.68301269999999991711 0.68301269999999991711 0.00000000000000000000 
0.20809885000000000188 0.94626944999999995645 -0.08682410000000000128 
0.79293584999999999763 0.30201139999999998542 -0.42101005000000002454 
0.35990696536499999780 0.30199521536499995822 -0.17102623463499999623 
0.43299651536499994542 0.24998381536500000055 -0.00001618463500000000 
0.86602539999999994524 0.25000000000000000000 -0.25000000000000000000 
0.79293584999999999763 0.55201140000000004093 -0.17101004999999999678 
0.43299651536499994542 -0.25001618463500002720 -0.00001618463500000000 
0.87928214999999998458 -0.45809885000000000188 -0.08682410000000000128 
0.93301269999999991711 -0.25000000000000000000 0.00000000000000000000 
0.68301269999999991711 0.00000000000000000000 -0.68301269999999991711 
0.67921465000000003087 0.29341204999999997982 -0.57139380000000006277 
-0.25000000000000000000 0.93301269999999991711 0.00000000000000000000 
0.25000000000000000000 0.93301269999999991711 0.00000000000000000000 
0.46650634999999995856 0.80801269999999991711 0.25000000000000000000 
0.21650634999999998631 0.87500000000000000000 0.25000000000000000000 
0.21649016536499998686 0.37498381536499997280 0.24998381536500000055 
0.24998381536500000055 0.43299651536499994542 -0.00001618463500000000 
0.45809885000000000188 0.87928214999999998458 -0.08682410000000000128 
0.21650634999999998631 0.80801269999999991711 0.50000000000000000000 
0.00000000000000000000 0.93301269999999991711 0.25000000000000000000 
0.34150634999999995856 0.59150634999999995856 0.68301269999999991711 
0.12498381536500000055 0.21649016536499998686 0.43299651536499994542 
0.21649016536499998686 0.12498381536500000055 0.43299651536499994542 
0.43301269999999997262 0.50000000000000000000 0.68301269999999991711 
0.34150634999999995856 0.34150634999999995856 0.86602539999999994524 
0.12500000000000000000 0.46650634999999995856 0.86602539999999994524 
0.21650634999999998631 0.62500000000000000000 0.68301269999999991711 
-0.00001618463500000000 0.24998381536500000055 0.43299651536499994542 
0.68301269999999991711 0.68301269999999991711 0.00000000000000000000 
0.64951904999999998669 0.62500000000000000000 0.25000000000000000000 
0.21650634999999998631 0.12500000000000000000 0.93301269999999991711 
0.12500000000000000000 0.21650634999999998631 0.93301269999999991711 
-0.00001618463500000000 -0.00001618463500000000 0.49998381536499997280 
0.80801269999999991711 0.46650634999999995856 0.25000000000000000000 
0.86602539999999994524 0.25000000000000000000 0.25000000000000000000 
0.80801269999999991711 0.21650634999999998631 0.50000000000000000000 
0.43299651536499994542 -0.00001618463500000000 0.24998381536500000055 
0.37498381536499997280 0.21649016536499998686 0.24998381536500000055 
0.59150634999999995856 0.59150634999999995856 0.50000000000000000000 
0.00000000000000000000 0.68301269999999991711 0.68301269999999991711 
0.00000000000000000000 0.25000000000000000000 0.93301269999999991711 
-0.25000000000000000000 -0.93301269999999991711 0.00000000000000000000 
-0.46650634999999995856 -0.80801269999999991711 0.25000000000000000000 
-0.21650634999999998631 -0.87500000000000000000 0.25000000000000000000 
-0.21652253463499998576 -0.37501618463500002720 0.24998381536500000055 
-0.12501618463499999945 -0.21652253463499998576 0.43299651536499994542 
-0.21652253463499998576 -0.12501618463499999945 0.43299651536499994542 
-0.34150634999999995856 -0.34150634999999995856 0.86602539999999994524 
-0.21650634999999998631 -0.12500000000000000000 0.93301269999999991711 
-0.12500000000000000000 -0.21650634999999998631 0.93301269999999991711 
-0.34150634999999995856 -0.59150634999999995856 0.68301269999999991711 
-0.43301269999999997262 -0.50000000000000000000 0.68301269999999991711 
0.60612510000000008326 0.59542344999999996524 -0.49240384999999997628 
0.56802200000000002689 0.74828084999999999738 -0.25783414999999998418 
-0.37501618463500002720 -0.21652253463499998576 0.24998381536500000055 
-0.59150634999999995856 -0.59150634999999995856 0.50000000000000000000 
-0.59150634999999995856 -0.34150634999999995856 0.68301269999999991711 
-0.64951904999999998669 -0.62500000000000000000 0.25000000000000000000 
-0.80801269999999991711 -0.46650634999999995856 0.25000000000000000000 
-0.93301269999999991711 0.00000000000000000000 -0.25000000000000000000 
-0.93301269999999991711 -0.25000000000000000000 0.00000000000000000000 
-0.86602539999999994524 -0.25000000000000000000 0.25000000000000000000 
-0.80801269999999991711 -0.21650634999999998631 0.50000000000000000000 
-0.43302888463499999983 -0.00001618463500000000 0.24998381536500000055 
-0.12500000000000000000 -0.46650634999999995856 0.86602539999999994524 
-0.21650634999999998631 -0.62500000000000000000 0.68301269999999991711 
-0.00001618463500000000 -0.25001618463500002720 0.43299651536499994542 
-0.25001618463500002720 -0.00001618463500000000 0.43299651536499994542 
-0.46650634999999995856 -0.12500000000000000000 0.86602539999999994524 
-0.25000000000000000000 0.00000000000000000000 0.93301269999999991711 
-0.64951904999999998669 -0.12500000000000000000 0.68301269999999991711 
-0.68301269999999991711 0.00000000000000000000 0.68301269999999991711 
-0.93301269999999991711 0.00000000000000000000 0.25000000000000000000 
-0.87500000000000000000 0.21650634999999998631 0.25000000000000000000 
-0.80801269999999991711 0.21650634999999998631 0.50000000000000000000 
-0.37501618463500002720 0.21649016536499998686 0.24998381536500000055 
-0.62500000000000000000 0.21650634999999998631 0.68301269999999991711 
-0.80801269999999991711 0.46650634999999995856 0.25000000000000000000 
-0.62500000000000000000 0.64951904999999998669 0.25000000000000000000 
-0.59150634999999995856 0.34150634999999995856 0.68301269999999991711 
-0.21652253463499998576 0.12498381536500000055 0.43299651536499994542 
-0.50000000000000000000 0.43301269999999997262 0.68301269999999991711 
-0.34150634999999995856 0.34150634999999995856 0.86602539999999994524 
-0.12500000000000000000 0.21650634999999998631 0.93301269999999991711 
-0.21650634999999998631 0.12500000000000000000 0.93301269999999991711 
-0.21650634999999998631 -0.80801269999999991711 0.50000000000000000000 
-0.00001618463500000000 -0.43302888463499999983 0.24998381536500000055 
0.00000000000000000000 -0.68301269999999991711 0.68301269999999991711 
-0.46650634999999995856 0.80801269999999991711 0.25000000000000000000 
-0.25000000000000000000 0.86602539999999994524 0.25000000000000000000 
-0.59150634999999995856 0.59150634999999995856 0.50000000000000000000 
0.59150634999999995856 0.34150634999999995856 0.68301269999999991711 
-0.12500000000000000000 0.46650634999999995856 0.86602539999999994524 
0.64951904999999998669 0.12500000000000000000 0.68301269999999991711 
0.64111154999999997450 0.69626944999999995645 -0.08682410000000000128 
0.93301269999999991711 0.25000000000000000000 0.00000000000000000000 
0.93301269999999991711 0.00000000000000000000 0.25000000000000000000 
0.80801269999999991711 -0.46650634999999995856 0.25000000000000000000 
0.87500000000000000000 -0.21650634999999998631 0.25000000000000000000 
0.37498381536499997280 -0.21652253463499998576 0.24998381536500000055 
0.80801269999999991711 -0.21650634999999998631 0.50000000000000000000 
0.68301269999999991711 0.00000000000000000000 0.68301269999999991711 
0.46650634999999995856 0.12500000000000000000 0.86602539999999994524 
0.24998381536500000055 -0.00001618463500000000 0.43299651536499994542 
0.68301269999999991711 -0.68301269999999991711 0.00000000000000000000 
0.62500000000000000000 -0.64951904999999998669 0.25000000000000000000 
0.25000000000000000000 0.00000000000000000000 0.93301269999999991711 
0.21649016536499998686 -0.12501618463499999945 0.43299651536499994542 
0.46650634999999995856 -0.12500000000000000000 0.86602539999999994524 
0.21650634999999998631 -0.12500000000000000000 0.93301269999999991711 
-0.46650634999999995856 0.12500000000000000000 0.86602539999999994524 
0.59150634999999995856 -0.34150634999999995856 0.68301269999999991711 
0.50000000000000000000 -0.43301269999999997262 0.68301269999999991711 
0.34150634999999995856 -0.34150634999999995856 0.86602539999999994524 
0.12498381536500000055 -0.21652253463499998576 0.43299651536499994542 
0.12500000000000000000 -0.21650634999999998631 0.93301269999999991711 
0.25000000000000000000 -0.93301269999999991711 0.00000000000000000000 
0.00000000000000000000 -0.93301269999999991711 0.25000000000000000000 
0.25000000000000000000 -0.86602539999999994524 0.25000000000000000000 
0.46650634999999995856 -0.80801269999999991711 0.25000000000000000000 
0.21649016536499998686 -0.37501618463500002720 0.24998381536500000055 
0.21650634999999998631 -0.80801269999999991711 0.50000000000000000000 
0.59150634999999995856 -0.59150634999999995856 0.50000000000000000000 
0.34150634999999995856 -0.59150634999999995856 0.68301269999999991711 
0.12500000000000000000 -0.64951904999999998669 0.68301269999999991711 
0.12500000000000000000 -0.46650634999999995856 0.86602539999999994524 
0.62500000000000000000 -0.21650634999999998631 0.68301269999999991711 
0.00000000000000000000 -0.25000000000000000000 0.93301269999999991711 
0.54341204999999992431 -0.24620195000000000274 -0.75440649999999997988 
-0.93301269999999991711 0.25000000000000000000 0.00000000000000000000 
63 64 66 68 
64 56 65 69 
66 65 57 67 
68 69 67 44 
64 67 68 69 
64 67 69 65 
64 67 65 66 
64 67 66 68 
63 66 71 73 
66 57 70 74 
71 70 62 72 
73 74 72 45 
66 72 73 74 
66 72 74 70 
66 72 70 71 
66 72 71 73 
60 75 77 78 
75 59 76 79 
77 76 62 71 
78 79 71 63 
75 71 78 79 
75 71 79 76 
75 71 76 77 
75 71 77 78 
48 80 82 84 
80 47 81 85 
82 81 50 83 
84 85 83 63 
80 83 84 85 
80 83 85 81 
80 83 81 82 
80 83 82 84 
62 77 71 87 
77 60 78 88 
71 78 63 86 
87 88 86 46 
77 86 87 88 
77 86 88 78 
77 86 78 71 
77 86 71 87 
61 89 91 93 
89 59 90 79 
91 90 4 92 
93 79 92 63 
89 92 93 79 
89 92 79 90 
89 92 90 91 
89 92 91 93 
59 76 79 89 
76 62 71 94 
79 71 63 93 
89 94 93 61 
76 93 89 94 
76 93 94 71 
76 93 71 79 
76 93 79 89 
60 95 75 78 
95 2 96 97 
75 96 59 79 
78 97 79 63 
95 79 78 97 
95 79 97 96 
95 79 96 75 
95 79 75 78 
62 94 99 71 
94 61 98 93 
99 98 38 100 
71 93 100 63 
94 100 71 93 
94 100 93 98 
94 100 98 99 
94 100 99 71 
61 98 93 91 
98 38 100 101 
93 100 63 92 
91 101 92 4 
98 92 91 101 
98 92 101 100 
98 92 100 93 
98 92 93 91 
55 102 104 106 
102 53 103 107 
104 103 14 105 
106 107 105 63 
102 105 106 107 
102 105 107 103 
102 105 103 104 
102 105 104 106 
55 106 108 102 
106 63 64 107 
108 64 56 109 
102 107 109 53 
106 109 102 107 
106 109 107 64 
106 109 64 108 
106 109 108 102 
56 110 112 64 
110 39 111 114 
112 111 54 113 
64 114 113 63 
110 113 64 114 
110 113 114 111 
110 113 111 112 
110 113 112 64 
55 115 108 106 
115 52 116 117 
108 116 56 64 
106 117 64 63 
115 64 106 117 
115 64 117 116 
115 64 116 108 
115 64 108 106 
54 118 113 120 
118 53 107 121 
113 107 63 119 
120 121 119 12 
118 119 120 121 
118 119 121 107 
118 119 107 113 
118 119 113 120 
56 64 112 109 
64 63 113 107 
112 113 54 118 
109 107 118 53 
64 118 109 107 
64 118 107 113 
64 118 113 112 
64 118 112 109 
45 122 73 123 
122 46 86 124 
73 86 63 83 
123 124 83 50 
122 83 123 124 
122 83 124 86 
122 83 86 73 
122 83 73 123 
46 125 127 86 
125 49 126 129 
127 126 23 128 
86 129 128 63 
125 128 86 129 
125 128 129 126 
125 128 126 127 
125 128 127 86 
56 69 64 116 
69 44 68 130 
64 68 63 117 
116 130 117 52 
69 117 116 130 
69 117 130 68 
69 117 68 64 
69 117 64 116 
44 131 68 130 
131 50 83 132 
68 83 63 117 
130 132 117 52 
131 117 130 132 
131 117 132 83 
131 117 83 68 
131 117 68 130 
62 87 71 72 
87 46 86 122 
71 86 63 73 
72 122 73 45 
87 73 72 122 
87 73 122 86 
87 73 86 71 
87 73 71 72 
17 133 135 137 
133 32 134 138 
135 134 16 136 
137 138 136 63 
133 136 137 138 
133 136 138 134 
133 136 134 135 
133 136 135 137 
46 125 86 124 
125 49 129 139 
86 129 63 83 
124 139 83 50 
125 83 124 139 
125 83 139 129 
125 83 129 86 
125 83 86 124 
50 82 83 132 
82 48 84 140 
83 84 63 117 
132 140 117 52 
82 117 132 140 
82 117 140 84 
82 117 84 83 
82 117 83 132 
44 68 131 67 
68 63 83 66 
131 83 50 141 
67 66 141 57 
68 141 67 66 
68 141 66 83 
68 141 83 131 
68 141 131 67 
48 140 143 84 
140 52 142 117 
143 142 21 144 
84 117 144 63 
140 144 84 117 
140 144 117 142 
140 144 142 143 
140 144 143 84 
47 81 85 145 
81 50 83 139 
85 83 63 129 
145 139 129 49 
81 129 145 139 
81 129 139 83 
81 129 83 85 
81 129 85 145 
48 84 143 80 
84 63 144 85 
143 144 21 146 
80 85 146 47 
84 146 80 85 
84 146 85 144 
84 146 144 143 
84 146 143 80 
49 129 145 126 
129 63 85 128 
145 85 47 147 
126 128 147 23 
129 147 126 128 
129 147 128 85 
129 147 85 145 
129 147 145 126 
63 148 66 151 
148 43 149 152 
66 149 57 150 
151 152 150 51 
148 150 151 152 
148 150 152 149 
148 150 149 66 
148 150 66 151 
51 153 150 151 
153 56 65 64 
150 65 57 66 
151 64 66 63 
153 66 151 64 
153 66 64 65 
153 66 65 150 
153 66 150 151 
60 78 88 95 
78 63 86 97 
88 86 46 154 
95 97 154 2 
78 154 95 97 
78 154 97 86 
78 154 86 88 
78 154 88 95 
58 155 156 157 
155 43 149 148 
156 149 57 66 
157 148 66 63 
155 66 157 148 
155 66 148 149 
155 66 149 156 
155 66 156 157 
56 64 153 110 
64 63 151 114 
153 151 51 158 
110 114 158 39 
64 158 110 114 
64 158 114 151 
64 158 151 153 
64 158 153 110 
47 146 160 85 
146 21 159 144 
160 159 22 161 
85 144 161 63 
146 161 85 144 
146 161 144 159 
146 161 159 160 
146 161 160 85 
54 111 120 113 
111 39 162 114 
120 162 12 119 
113 114 119 63 
111 119 113 114 
111 119 114 162 
111 119 162 120 
111 119 120 113 
39 114 164 166 
114 63 163 167 
164 163 42 165 
166 167 165 11 
114 165 166 167 
114 165 167 163 
114 165 163 164 
114 165 164 166 
39 164 114 168 
164 42 163 169 
114 163 63 148 
168 169 148 43 
164 148 168 169 
164 148 169 163 
164 148 163 114 
164 148 114 168 
42 169 171 163 
169 43 170 148 
171 170 40 172 
163 148 172 63 
169 172 163 148 
169 172 148 170 
169 172 170 171 
169 172 171 163 
53 173 107 121 
173 13 174 175 
107 174 63 119 
121 175 119 12 
173 119 121 175 
173 119 175 174 
173 119 174 107 
173 119 107 121 
42 163 171 165 
163 63 172 167 
171 172 40 176 
165 167 176 11 
163 176 165 167 
163 176 167 172 
163 176 172 171 
163 176 171 165 
38 177 100 180 
177 41 178 181 
100 178 63 179 
180 181 179 30 
177 179 180 181 
177 179 181 178 
177 179 178 100 
177 179 100 180 
59 90 79 183 
90 4 92 184 
79 92 63 182 
183 184 182 3 
90 182 183 184 
90 182 184 92 
90 182 92 79 
90 182 79 183 
58 185 155 157 
185 38 186 100 
155 186 43 148 
157 100 148 63 
185 148 157 100 
185 148 100 186 
185 148 186 155 
185 148 155 157 
39 166 162 114 
166 11 187 167 
162 187 12 119 
114 167 119 63 
166 119 114 167 
166 119 167 187 
166 119 187 162 
166 119 162 114 
11 188 190 167 
188 31 189 192 
190 189 37 191 
167 192 191 63 
188 191 167 192 
188 191 192 189 
188 191 189 190 
188 191 190 167 
40 193 176 172 
193 31 188 192 
176 188 11 167 
172 192 167 63 
193 167 172 192 
193 167 192 188 
193 167 188 176 
193 167 176 172 
11 167 190 195 
167 63 191 138 
190 191 37 194 
195 138 194 32 
167 194 195 138 
167 194 138 191 
167 194 191 190 
167 194 190 195 
37 196 191 199 
196 36 197 200 
191 197 63 198 
199 200 198 34 
196 198 199 200 
196 198 200 197 
196 198 197 191 
196 198 191 199 
37 196 202 191 
196 36 201 197 
202 201 33 203 
191 197 203 63 
196 203 191 197 
196 203 197 201 
196 203 201 202 
196 203 202 191 
31 189 192 204 
189 37 191 205 
192 191 63 179 
204 205 179 30 
189 179 204 205 
189 179 205 191 
189 179 191 192 
189 179 192 204 
36 200 207 197 
200 34 206 198 
207 206 1 208 
197 198 208 63 
200 208 197 198 
200 208 198 206 
200 208 206 207 
200 208 207 197 
35 209 211 213 
209 30 210 179 
211 210 5 212 
213 179 212 63 
209 212 213 179 
209 212 179 210 
209 212 210 211 
209 212 211 213 
37 205 214 191 
205 30 209 179 
214 209 35 213 
191 179 213 63 
205 213 191 179 
205 213 179 209 
205 213 209 214 
205 213 214 191 
37 194 191 202 
194 32 138 215 
191 138 63 203 
202 215 203 33 
194 203 202 215 
194 203 215 138 
194 203 138 191 
194 203 191 202 
36 201 197 207 
201 33 203 216 
197 203 63 208 
207 216 208 1 
201 208 207 216 
201 208 216 203 
201 208 203 197 
201 208 197 207 
47 147 85 160 
147 23 128 217 
85 128 63 161 
160 217 161 22 
147 161 160 217 
147 161 217 128 
147 161 128 85 
147 161 85 160 
22 218 217 161 
218 29 219 220 
217 219 23 128 
161 220 128 63 
218 128 161 220 
218 128 220 219 
218 128 219 217 
218 128 217 161 
28 221 223 225 
221 63 222 208 
223 222 26 224 
225 208 224 1 
221 224 225 208 
221 224 208 222 
221 224 222 223 
221 224 223 225 
28 221 226 223 
221 63 220 222 
226 220 29 227 
223 222 227 26 
221 227 223 222 
221 227 222 220 
221 227 220 226 
221 227 226 223 
43 170 148 228 
170 40 172 229 
148 172 63 178 
228 229 178 41 
170 178 228 229 
170 178 229 172 
170 178 172 148 
170 178 148 228 
29 220 231 227 
220 63 230 222 
231 230 27 232 
227 222 232 26 
220 232 227 222 
220 232 222 230 
220 232 230 231 
220 232 231 227 
29 233 231 220 
233 21 234 144 
231 234 27 230 
220 144 230 63 
233 230 220 144 
233 230 144 234 
233 230 234 231 
233 230 231 220 
52 142 117 235 
142 21 144 236 
117 144 63 105 
235 236 105 14 
142 105 235 236 
142 105 236 144 
142 105 144 117 
142 105 117 235 
21 237 234 144 
237 20 238 239 
234 238 27 230 
144 239 230 63 
237 230 144 239 
237 230 239 238 
237 230 238 234 
237 230 234 144 
22 161 159 218 
161 63 144 220 
159 144 21 233 
218 220 233 29 
161 233 218 220 
161 233 220 144 
161 233 144 159 
161 233 159 218 
28 240 226 221 
240 25 241 242 
226 241 29 220 
221 242 220 63 
240 220 221 242 
240 220 242 241 
240 220 241 226 
240 220 226 221 
26 222 244 224 
222 63 243 208 
244 243 15 245 
224 208 245 1 
222 245 224 208 
222 245 208 243 
222 245 243 244 
222 245 244 224 
27 232 230 238 
232 26 222 246 
230 222 63 239 
238 246 239 20 
232 239 238 246 
232 239 246 222 
232 239 222 230 
232 239 230 238 
26 244 222 246 
244 15 243 247 
222 243 63 239 
246 247 239 20 
244 239 246 247 
244 239 247 243 
244 239 243 222 
244 239 222 246 
20 248 250 239 
248 14 249 105 
250 249 19 251 
239 105 251 63 
248 251 239 105 
248 251 105 249 
248 251 249 250 
248 251 250 239 
21 144 236 237 
144 63 105 239 
236 105 14 248 
237 239 248 20 
144 248 237 239 
144 248 239 105 
144 248 105 236 
144 248 236 237 
20 247 239 250 
247 15 243 252 
239 243 63 251 
250 252 251 19 
247 251 250 252 
247 251 252 243 
247 251 243 239 
247 251 239 250 
55 115 106 104 
115 52 117 235 
106 117 63 105 
104 235 105 14 
115 105 104 235 
115 105 235 117 
115 105 117 106 
115 105 106 104 
13 253 174 175 
253 19 251 254 
174 251 63 119 
175 254 119 12 
253 119 175 254 
253 119 254 251 
253 119 251 174 
253 119 174 175 
19 255 251 257 
255 18 256 258 
251 256 63 136 
257 258 136 16 
255 136 257 258 
255 136 258 256 
255 136 256 251 
255 136 251 257 
18 256 258 260 
256 63 136 208 
258 136 16 259 
260 208 259 1 
256 259 260 208 
256 259 208 136 
256 259 136 258 
256 259 258 260 
29 261 220 241 
261 24 262 263 
220 262 63 242 
241 263 242 25 
261 242 241 263 
261 242 263 262 
261 242 262 220 
261 242 220 241 
17 137 264 133 
137 63 119 138 
264 119 12 265 
133 138 265 32 
137 265 133 138 
137 265 138 119 
137 265 119 264 
137 265 264 133 
19 266 257 251 
266 17 135 137 
257 135 16 136 
251 137 136 63 
266 136 251 137 
266 136 137 135 
266 136 135 257 
266 136 257 251 
37 199 191 214 
199 34 198 267 
191 198 63 213 
214 267 213 35 
199 213 214 267 
199 213 267 198 
199 213 198 191 
199 213 191 214 
16 134 268 136 
134 32 215 138 
268 215 33 203 
136 138 203 63 
134 203 136 138 
134 203 138 215 
134 203 215 268 
134 203 268 136 
35 213 211 267 
213 63 212 198 
211 212 5 269 
267 198 269 34 
213 269 267 198 
213 269 198 212 
213 269 212 211 
213 269 211 267 
40 270 193 172 
270 30 204 179 
193 204 31 192 
172 179 192 63 
270 192 172 179 
270 192 179 204 
270 192 204 193 
270 192 193 172 
11 195 187 167 
195 32 265 138 
187 265 12 119 
167 138 119 63 
195 119 167 138 
195 119 138 265 
195 119 265 187 
195 119 187 167 
30 271 210 179 
271 4 272 92 
210 272 5 212 
179 92 212 63 
271 212 179 92 
271 212 92 272 
271 212 272 210 
271 212 210 179 
19 266 251 254 
266 17 137 264 
251 137 63 119 
254 264 119 12 
266 119 254 264 
266 119 264 137 
266 119 137 251 
266 119 251 254 
4 184 274 92 
184 3 273 182 
274 273 10 275 
92 182 275 63 
184 275 92 182 
184 275 182 273 
184 275 273 274 
184 275 274 92 
41 229 178 181 
229 40 172 270 
178 172 63 179 
181 270 179 30 
229 179 181 270 
229 179 270 172 
229 179 172 178 
229 179 178 181 
4 272 92 274 
272 5 212 276 
92 212 63 275 
274 276 275 10 
272 275 274 276 
272 275 276 212 
272 275 212 92 
272 275 92 274 
34 269 278 198 
269 5 277 212 
278 277 6 279 
198 212 279 63 
269 279 198 212 
269 279 212 277 
269 279 277 278 
269 279 278 198 
38 180 100 101 
180 30 179 271 
100 179 63 92 
101 271 92 4 
180 92 101 271 
180 92 271 179 
180 92 179 100 
180 92 100 101 
3 273 182 280 
273 10 275 281 
182 275 63 97 
280 281 97 2 
273 97 280 281 
273 97 281 275 
273 97 275 182 
273 97 182 280 
6 282 279 284 
282 1 208 285 
279 208 63 283 
284 285 283 9 
282 283 284 285 
282 283 285 208 
282 283 208 279 
282 283 279 284 
15 286 243 252 
286 18 256 255 
243 256 63 251 
252 255 251 19 
286 251 252 255 
286 251 255 256 
286 251 256 243 
286 251 243 252 
9 287 289 283 
287 10 288 275 
289 288 7 290 
283 275 290 63 
287 290 283 275 
287 290 275 288 
287 290 288 289 
287 290 289 283 
9 283 289 285 
283 63 290 208 
289 290 7 291 
285 208 291 1 
283 291 285 208 
283 291 208 290 
283 291 290 289 
283 291 289 285 
34 206 198 278 
206 1 208 282 
198 208 63 279 
278 282 279 6 
206 279 278 282 
206 279 282 208 
206 279 208 198 
206 279 198 278 
2 292 294 97 
292 23 293 128 
294 293 24 262 
97 128 262 63 
292 262 97 128 
292 262 128 293 
292 262 293 294 
292 262 294 97 
2 295 97 294 
295 8 296 297 
97 296 63 262 
294 297 262 24 
295 262 294 297 
295 262 297 296 
295 262 296 97 
295 262 97 294 
10 288 275 298 
288 7 290 299 
275 290 63 296 
298 299 296 8 
288 296 298 299 
288 296 299 290 
288 296 290 275 
288 296 275 298 
59 96 183 79 
96 2 280 97 
183 280 3 182 
79 97 182 63 
96 182 79 97 
96 182 97 280 
96 182 280 183 
96 182 183 79 
8 299 296 297 
299 7 290 300 
296 290 63 262 
297 300 262 24 
299 262 297 300 
299 262 300 290 
299 262 290 296 
299 262 296 297 
24 300 262 263 
300 7 290 301 
262 290 63 242 
263 301 242 25 
300 242 263 301 
300 242 301 290 
300 242 290 262 
300 242 262 263 
5 277 212 276 
277 6 279 302 
212 279 63 275 
276 302 275 10 
277 275 276 302 
277 275 302 279 
277 275 279 212 
277 275 212 276 
6 302 284 279 
302 10 287 275 
284 287 9 283 
279 275 283 63 
302 283 279 275 
302 283 275 287 
302 283 287 284 
302 283 284 279 
29 261 219 220 
261 24 293 262 
219 293 23 128 
220 262 128 63 
261 128 220 262 
261 128 262 293 
261 128 293 219 
261 128 219 220 
7 301 291 290 
301 25 303 242 
291 303 1 208 
290 242 208 63 
301 208 290 242 
301 208 242 303 
301 208 303 291 
301 208 291 290 
43 186 228 148 
186 38 177 100 
228 177 41 178 
148 100 178 63 
186 178 148 100 
186 178 100 177 
186 178 177 228 
186 178 228 148 
15 243 286 245 
243 63 256 208 
286 256 18 260 
245 208 260 1 
243 260 245 208 
243 260 208 256 
243 260 256 286 
243 260 286 245 
10 275 281 298 
275 63 97 296 
281 97 2 295 
298 296 295 8 
275 295 298 296 
275 295 296 97 
275 295 97 281 
275 295 281 298 
62 304 71 99 
304 58 157 185 
71 157 63 100 
99 185 100 38 
304 100 99 185 
304 100 185 157 
304 100 157 71 
304 100 71 99 
16 268 259 136 
268 33 216 203 
259 216 1 208 
136 203 208 63 
268 208 136 203 
268 208 203 216 
268 208 216 259 
268 208 259 136 
45 123 73 74 
123 50 83 141 
73 83 63 66 
74 141 66 57 
123 66 74 141 
123 66 141 83 
123 66 83 73 
123 66 73 74 
46 154 86 127 
154 2 97 292 
86 97 63 128 
127 292 128 23 
154 128 127 292 
154 128 292 97 
154 128 97 86 
154 128 86 127 
53 173 103 107 
173 13 305 174 
103 305 14 105 
107 174 105 63 
173 105 107 174 
173 105 174 305 
173 105 305 103 
173 105 103 107 
14 305 249 105 
305 13 253 174 
249 253 19 251 
105 174 251 63 
305 251 105 174 
305 251 174 253 
305 251 253 249 
305 251 249 105 
58 156 304 157 
156 57 70 66 
304 70 62 71 
157 66 71 63 
156 71 157 66 
156 71 66 70 
156 71 70 304 
156 71 304 157 
51 151 152 158 
151 63 148 114 
152 148 43 168 
158 114 168 39 
151 168 158 114 
151 168 114 148 
151 168 148 152 
151 168 152 158 
28 225 240 221 
225 1 303 208 
240 303 25 242 
221 208 242 63 
225 242 221 208 
225 242 208 303 
225 242 303 240 
225 242 240 221 
